29 0.5484375 0.48875 0.038125 0.05583333333333333
40 0.574375 0.49416666666666664 0.0325 0.035
41 0.6021875 0.4825 0.024375 0.05333333333333334
36 0.6234375 0.48833333333333334 0.038125 0.03666666666666667
47 0.6559375 0.4766666666666667 0.028125 0.058333333333333334
17 0.37375 0.5116666666666667 0.0175 0.04833333333333333
18 0.3875 0.50875 0.01125 0.049166666666666664
21 0.401875 0.5075 0.015 0.04666666666666667
18 0.413125 0.5075 0.0075 0.04666666666666667
25 0.426875 0.5083333333333333 0.02 0.05
28 0.445625 0.505 0.015 0.045
