25 0.11012311901504789 0.49019607843137253 0.0533515731874145 0.21176470588235294
10 0.1600547195622435 0.4803921568627451 0.049247606019151846 0.1843137254901961
27 0.21203830369357046 0.4666666666666667 0.049247606019151846 0.17254901960784313
18 0.24623803009575923 0.47058823529411764 0.019151846785225718 0.19607843137254902
28 0.28454172366621067 0.47058823529411764 0.05198358413132695 0.1568627450980392
11 0.38919288645690836 0.4647058823529412 0.0533515731874145 0.1607843137254902
10 0.4432284541723666 0.47058823529411764 0.060191518467852256 0.16470588235294117
16 0.5041039671682627 0.4666666666666667 0.058823529411764705 0.16470588235294117
30 0.5629274965800274 0.4588235294117647 0.058823529411764705 0.16470588235294117
14 0.6203830369357045 0.4588235294117647 0.0560875512995896 0.1803921568627451
29 0.673734610123119 0.4627450980392157 0.047879616963064295 0.1803921568627451
29 0.7243502051983585 0.4627450980392157 0.047879616963064295 0.1803921568627451
14 0.7770177838577291 0.4568627450980392 0.05471956224350205 0.1843137254901961
