72 0.8588235294117647 0.5200348432055749 0.08235294117647059 0.1445993031358885
27 0.2235294117647059 0.1986062717770035 0.020588235294117647 0.0313588850174216
50 0.24338235294117647 0.19686411149825783 0.016176470588235296 0.017421602787456445
50 0.26029411764705884 0.20034843205574912 0.01764705882352941 0.020905923344947737
48 0.2823529411764706 0.19773519163763068 0.026470588235294117 0.0156794425087108
11 0.30514705882352944 0.19599303135888502 0.016176470588235296 0.029616724738675958
36 0.3220588235294118 0.1994773519163763 0.014705882352941176 0.02264808362369338
53 0.3360294117647059 0.19773519163763068 0.010294117647058823 0.02264808362369338
32 0.31838235294117645 0.5017421602787456 0.13676470588235295 0.13937282229965156
43 0.4235294117647059 0.5060975609756098 0.07941176470588235 0.14111498257839722
60 0.5066176470588235 0.5322299651567944 0.08676470588235294 0.15505226480836237
49 0.6191176470588236 0.5278745644599303 0.08235294117647059 0.13588850174216027
50 0.7051470588235295 0.524390243902439 0.08970588235294118 0.11846689895470383
55 0.7772058823529412 0.519163763066202 0.054411764705882354 0.14982578397212543
