37 0.1015625 0.4708333333333333 0.075625 0.15166666666666667
36 0.1725 0.49333333333333335 0.06375 0.12166666666666667
54 0.2215625 0.4891666666666667 0.031875 0.13666666666666666
46 0.268125 0.4816666666666667 0.0575 0.19166666666666668
44 0.31375 0.47333333333333333 0.03 0.13666666666666666
23 0.364375 0.48583333333333334 0.07125 0.16333333333333333
11 0.4546875 0.46416666666666667 0.108125 0.22333333333333333
27 0.563125 0.4691666666666667 0.10375 0.23833333333333334
53 0.6475 0.475 0.0625 0.14333333333333334
50 0.690625 0.4895833333333333 0.065 0.11083333333333334
37 0.753125 0.4866666666666667 0.075 0.15
37 0.81875 0.46208333333333335 0.08 0.14083333333333334
44 0.87125 0.46 0.04125 0.14
23 0.9225 0.47 0.08375 0.185
54 0.97875 0.48625 0.04125 0.16083333333333333
