29 0.24375 0.45416666666666666 0.06875 0.125
17 0.35234375 0.45416666666666666 0.0765625 0.125
14 0.46328125 0.45625 0.0703125 0.12083333333333333
11 0.6046875 0.46770833333333334 0.0625 0.09791666666666667
36 0.6890625 0.46875 0.0625 0.1
53 0.75703125 0.4708333333333333 0.0359375 0.07916666666666666
29 0.17421875 0.6875 0.0265625 0.05
17 0.1984375 0.6885416666666667 0.01875 0.052083333333333336
14 0.21484375 0.6864583333333333 0.0203125 0.052083333333333336
29 0.7859375 0.6895833333333333 0.025 0.04583333333333333
17 0.80859375 0.690625 0.0203125 0.04375
14 0.828125 0.6885416666666667 0.01875 0.04375
29 0.50234375 0.778125 0.0578125 0.09375
43 0.503125 0.8677083333333333 0.0625 0.08125
40 0.50625 0.9385416666666667 0.06875 0.06458333333333334
