23 0.2503125 0.815 0.031875 0.058333333333333334
14 0.2825 0.81125 0.02875 0.05416666666666667
31 0.3134375 0.8120833333333334 0.033125 0.05416666666666667
14 0.3453125 0.8108333333333333 0.029375 0.05333333333333334
27 0.3784375 0.8108333333333333 0.036875 0.058333333333333334
28 0.4278125 0.8104166666666667 0.030625 0.0575
29 0.4553125 0.8075 0.024375 0.055
24 0.4875 0.8083333333333333 0.0325 0.045
25 0.5209375 0.8116666666666666 0.025625 0.06
14 0.564375 0.8075 0.03 0.06166666666666667
33 0.5984375 0.8054166666666667 0.034375 0.0625
25 0.6309375 0.805 0.029375 0.06
21 0.6621875 0.8020833333333334 0.029375 0.05416666666666667
24 0.6909375 0.8025 0.029375 0.055
27 0.72375 0.8029166666666666 0.03 0.059166666666666666
18 0.74875 0.7995833333333333 0.02 0.0575
23 0.773125 0.7970833333333334 0.03 0.060833333333333336
16 0.8034375 0.7941666666666667 0.029375 0.055
29 0.485 0.4116666666666667 0.0375 0.06
17 0.5203125 0.41125 0.034375 0.060833333333333336
14 0.5534375 0.41 0.031875 0.058333333333333334
23 0.4121875 0.46875 0.035625 0.060833333333333336
24 0.45 0.46791666666666665 0.03875 0.059166666666666666
27 0.4871875 0.4691666666666667 0.034375 0.05333333333333334
29 0.5196875 0.46791666666666665 0.033125 0.05416666666666667
17 0.55375 0.46791666666666665 0.035 0.0575
15 0.46 0.5245833333333333 0.03125 0.05583333333333333
10 0.49 0.5245833333333333 0.035 0.05583333333333333
12 0.52125 0.5241666666666667 0.03875 0.05333333333333334
14 0.555625 0.5241666666666667 0.0325 0.056666666666666664
