27 0.13125 0.340625 0.165625 0.27708333333333335
24 0.27265625 0.34791666666666665 0.1171875 0.25833333333333336
28 0.384375 0.3458333333333333 0.109375 0.25833333333333336
14 0.48515625 0.34479166666666666 0.0859375 0.24375
11 0.59375 0.3416666666666667 0.115625 0.2375
30 0.71328125 0.340625 0.1140625 0.24375
13 0.83359375 0.35833333333333334 0.1203125 0.25
14 0.4109375 0.540625 0.046875 0.11875
28 0.45703125 0.546875 0.0421875 0.10625
25 0.5015625 0.5447916666666667 0.046875 0.09791666666666667
27 0.54609375 0.5427083333333333 0.0453125 0.10625
14 0.58984375 0.5416666666666666 0.0453125 0.1
28 0.6359375 0.5416666666666666 0.0375 0.10416666666666667
28 0.678125 0.540625 0.0375 0.10208333333333333
24 0.72109375 0.5416666666666666 0.0453125 0.10416666666666667
12 0.7984375 0.5520833333333334 0.05 0.11666666666666667
24 0.8453125 0.54375 0.046875 0.10416666666666667
15 0.8859375 0.5479166666666667 0.0375 0.1
15 0.91953125 0.54375 0.0265625 0.10416666666666667
14 0.94921875 0.55 0.0328125 0.09583333333333334
14 0.98125 0.5541666666666667 0.03125 0.10416666666666667
29 0.5390625 0.8020833333333334 0.053125 0.07916666666666666
36 0.58203125 0.803125 0.0328125 0.06041666666666667
46 0.61484375 0.8 0.0296875 0.075
40 0.65078125 0.8072916666666666 0.0328125 0.05625
50 0.70546875 0.803125 0.0359375 0.052083333333333336
56 0.7421875 0.803125 0.034375 0.052083333333333336
55 0.7765625 0.8 0.03125 0.075
12 0.821875 0.790625 0.0375 0.08125
50 0.8578125 0.8083333333333333 0.0375 0.06666666666666667
41 0.88671875 0.790625 0.0234375 0.06875
41 0.90859375 0.790625 0.0265625 0.07708333333333334
40 0.93671875 0.7989583333333333 0.0328125 0.052083333333333336
40 0.97109375 0.803125 0.0359375 0.06041666666666667
