34 0.34361702127659577 0.15953307392996108 0.06170212765957447 0.14785992217898833
30 0.39787234042553193 0.16731517509727625 0.05106382978723404 0.1556420233463035
25 0.44468085106382976 0.16536964980544747 0.04680851063829787 0.19066147859922178
25 0.48829787234042554 0.1614785992217899 0.04893617021276596 0.19066147859922178
18 0.5255319148936171 0.14591439688715954 0.029787234042553193 0.16731517509727625
14 0.5712765957446808 0.16731517509727625 0.05319148936170213 0.17898832684824903
32 0.11702127659574468 0.48443579766536965 0.17446808510638298 0.27626459143968873
40 0.23085106382978723 0.5233463035019456 0.08723404255319149 0.16731517509727625
44 0.298936170212766 0.47470817120622566 0.0574468085106383 0.2723735408560311
49 0.3829787234042553 0.4961089494163424 0.11063829787234042 0.2140077821011673
54 0.48404255319148937 0.5116731517509727 0.08723404255319149 0.245136186770428
37 0.6063829787234043 0.47470817120622566 0.1148936170212766 0.2723735408560311
40 0.7074468085106383 0.4766536964980545 0.09574468085106383 0.245136186770428
53 0.7840425531914894 0.48638132295719844 0.06170212765957447 0.24124513618677043
42 0.8723404255319149 0.5330739299610895 0.13617021276595745 0.31906614785992216
