14 0.993125 0.3754166666666667 0.0125 0.029166666666666667
68 0.8765625 0.68125 0.023125 0.029166666666666667
68 0.9284375 0.68875 0.018125 0.0375
68 0.9728125 0.6583333333333333 0.026875 0.043333333333333335
25 0.4621875 0.7275 0.030625 0.05
53 0.48625 0.7229166666666667 0.0175 0.0425
50 0.5084375 0.7170833333333333 0.025625 0.03916666666666667
55 0.5296875 0.70875 0.018125 0.04416666666666667
40 0.54875 0.7066666666666667 0.02125 0.03833333333333333
38 0.5690625 0.6991666666666667 0.018125 0.043333333333333335
55 0.5871875 0.6916666666666667 0.018125 0.04666666666666667
44 0.6025 0.6866666666666666 0.0125 0.051666666666666666
50 0.6209375 0.6845833333333333 0.024375 0.0425
49 0.6471875 0.6770833333333334 0.028125 0.0425
12 0.8028125 0.8716666666666667 0.033125 0.025
21 0.7971875 0.8433333333333334 0.031875 0.02666666666666667
18 0.7959375 0.8220833333333334 0.034375 0.019166666666666665
12 0.794375 0.79875 0.03375 0.035833333333333335
20 0.7903125 0.77 0.036875 0.043333333333333335
28 0.761875 0.56125 0.0325 0.0375
27 0.785 0.7233333333333334 0.03125 0.041666666666666664
14 0.779375 0.6920833333333334 0.0325 0.030833333333333334
15 0.7765625 0.6645833333333333 0.033125 0.030833333333333334
18 0.7721875 0.6420833333333333 0.031875 0.0225
21 0.76875 0.6170833333333333 0.03125 0.029166666666666667
21 0.764375 0.5925 0.03375 0.028333333333333332
14 0.1271875 0.40791666666666665 0.011875 0.0225
27 0.148125 0.40708333333333335 0.02125 0.025833333333333333
14 0.1453125 0.5195833333333333 0.014375 0.035833333333333335
27 0.1621875 0.52125 0.014375 0.0425
23 0.130625 0.5166666666666667 0.0125 0.035
49 0.0253125 0.635 0.026875 0.05
42 0.0515625 0.6408333333333334 0.026875 0.058333333333333334
56 0.0771875 0.6375 0.025625 0.056666666666666664
40 0.0996875 0.6395833333333333 0.019375 0.04583333333333333
14 0.8746875 0.4270833333333333 0.010625 0.029166666666666667
59 0.885625 0.43125 0.00875 0.025833333333333333
55 0.8934375 0.4270833333333333 0.005625 0.0325
14 0.9384375 0.4216666666666667 0.008125 0.03
59 0.948125 0.4275 0.00875 0.028333333333333332
55 0.956875 0.42583333333333334 0.01125 0.03833333333333333
71 0.45375 0.7804166666666666 0.0125 0.0175
12 0.46875 0.7775 0.01625 0.03666666666666667
43 0.48375 0.77625 0.015 0.035833333333333335
47 0.495 0.7733333333333333 0.00625 0.03333333333333333
50 0.505 0.7720833333333333 0.0125 0.0275
53 0.5171875 0.76875 0.009375 0.025833333333333333
43 0.52875 0.76375 0.015 0.035833333333333335
40 0.5428125 0.7633333333333333 0.010625 0.03166666666666667
59 0.5546875 0.7570833333333333 0.011875 0.0275
44 0.5640625 0.7533333333333333 0.008125 0.03333333333333333
39 0.574375 0.7495833333333334 0.01125 0.0325
49 0.59625 0.74625 0.01375 0.030833333333333334
44 0.585 0.7475 0.0075 0.03333333333333333
40 0.6096875 0.7445833333333334 0.013125 0.029166666666666667
6 0.664375 0.20791666666666667 0.0175 0.04083333333333333
2 0.6815625 0.20666666666666667 0.014375 0.04
2 0.6975 0.20458333333333334 0.0175 0.0375
70 0.786875 0.18958333333333333 0.00625 0.010833333333333334
70 0.9753125 0.19416666666666665 0.004375 0.016666666666666666
16 0.333125 0.5408333333333334 0.1575 0.14833333333333334
30 0.479375 0.5016666666666667 0.14 0.14833333333333334
48 0.63375 0.47125 0.1725 0.15416666666666667
71 0.714375 0.5916666666666667 0.01625 0.04
49 0.485 0.6704166666666667 0.025 0.0425
55 0.505625 0.6616666666666666 0.01875 0.04666666666666667
44 0.520625 0.65125 0.01375 0.05416666666666667
37 0.54 0.6491666666666667 0.02625 0.056666666666666664
36 0.5665625 0.64625 0.025625 0.04416666666666667
38 0.5903125 0.6395833333333333 0.020625 0.03916666666666667
55 0.6075 0.6316666666666667 0.02125 0.04833333333333333
40 0.62625 0.6295833333333334 0.02375 0.0375
53 0.645625 0.6241666666666666 0.0175 0.043333333333333335
44 0.6615625 0.615 0.014375 0.055
36 0.6796875 0.6141666666666666 0.024375 0.043333333333333335
47 0.6978125 0.60125 0.014375 0.059166666666666666
10 0.4578125 0.6708333333333333 0.029375 0.058333333333333334
68 0.4140625 0.69 0.034375 0.045
