12 0.0984375 0.39895833333333336 0.1125 0.19375
24 0.20078125 0.421875 0.0921875 0.15208333333333332
15 0.28203125 0.42291666666666666 0.0671875 0.15833333333333333
15 0.34609375 0.42916666666666664 0.0609375 0.1625
14 0.409375 0.43125 0.071875 0.15833333333333333
14 0.47734375 0.43125 0.0703125 0.15833333333333333
11 0.58203125 0.4114583333333333 0.0859375 0.19791666666666666
27 0.66640625 0.42291666666666666 0.0796875 0.1625
14 0.7359375 0.41875 0.06875 0.15833333333333333
10 0.815625 0.4270833333333333 0.0875 0.1625
20 0.90546875 0.43020833333333336 0.0921875 0.15625
29 0.075 0.6708333333333333 0.0625 0.1
36 0.12109375 0.684375 0.0265625 0.08958333333333333
46 0.153125 0.66875 0.0375 0.10416666666666667
40 0.19140625 0.6833333333333333 0.0359375 0.075
36 0.2390625 0.6802083333333333 0.034375 0.07708333333333334
37 0.2875 0.6708333333333333 0.040625 0.0875
53 0.325 0.684375 0.021875 0.06458333333333334
40 0.3515625 0.6822916666666666 0.028125 0.06458333333333334
36 0.3828125 0.6802083333333333 0.028125 0.06458333333333334
46 0.41328125 0.6739583333333333 0.0296875 0.10625
58 0.46953125 0.6822916666666666 0.0546875 0.06875
44 0.50625 0.6739583333333333 0.021875 0.12291666666666666
55 0.52890625 0.684375 0.0171875 0.07708333333333334
43 0.5578125 0.6729166666666667 0.0375 0.10416666666666667
38 0.59921875 0.6875 0.0390625 0.0625
50 0.63828125 0.6854166666666667 0.0390625 0.058333333333333334
41 0.6703125 0.68125 0.021875 0.11666666666666667
41 0.69140625 0.678125 0.0265625 0.09791666666666667
40 0.71875 0.6895833333333333 0.021875 0.07083333333333333
40 0.74765625 0.6854166666666667 0.0359375 0.07083333333333333
37 0.79296875 0.6875 0.0390625 0.09166666666666666
53 0.82890625 0.6885416666666667 0.0234375 0.06875
40 0.853125 0.6875 0.028125 0.07083333333333333
36 0.88359375 0.6916666666666667 0.0328125 0.075
46 0.92421875 0.696875 0.0453125 0.11458333333333333
