1 0.38671875 0.7645833333333333 0.0234375 0.07916666666666666
4 0.41328125 0.7625 0.0265625 0.07916666666666666
20 0.43984375 0.7635416666666667 0.0328125 0.08541666666666667
1 0.49609375 0.7677083333333333 0.0234375 0.08125
8 0.51875 0.7677083333333333 0.021875 0.07708333333333334
20 0.54921875 0.765625 0.0359375 0.09375
2 0.6046875 0.7677083333333333 0.03125 0.07708333333333334
4 0.63125 0.7635416666666667 0.028125 0.08541666666666667
20 0.66796875 0.7614583333333333 0.0359375 0.08541666666666667
8 0.77578125 0.7729166666666667 0.0328125 0.075
2 0.80625 0.7708333333333334 0.01875 0.075
2 0.83203125 0.7708333333333334 0.0203125 0.07083333333333333
8 0.8703125 0.7708333333333334 0.025 0.07083333333333333
4 0.89453125 0.7697916666666667 0.0234375 0.07708333333333334
3 0.9203125 0.771875 0.021875 0.07708333333333334
4 0.94609375 0.775 0.0234375 0.075
19 0.0390625 0.584375 0.078125 0.21875
18 0.10703125 0.5822916666666667 0.0546875 0.19791666666666666
23 0.2015625 0.578125 0.146875 0.20208333333333334
19 0.34921875 0.590625 0.1140625 0.18541666666666667
14 0.45078125 0.584375 0.0921875 0.17291666666666666
32 0.5515625 0.5833333333333334 0.11875 0.1875
14 0.6578125 0.6020833333333333 0.09375 0.17916666666666667
21 0.7515625 0.596875 0.09375 0.15208333333333332
27 0.83671875 0.5875 0.0859375 0.14166666666666666
34 0.92421875 0.6020833333333333 0.0890625 0.17083333333333334
