51 0.9409375 0.16458333333333333 0.018125 0.0525
36 0.9596875 0.15958333333333333 0.016875 0.0375
53 0.9765625 0.1625 0.013125 0.041666666666666664
36 0.99125 0.16541666666666666 0.01625 0.04583333333333333
29 0.4478125 0.4995833333333333 0.043125 0.0875
18 0.48 0.50875 0.02 0.08416666666666667
29 0.5125 0.51375 0.04625 0.08583333333333333
10 0.5509375 0.5175 0.053125 0.08
23 0.6053125 0.5191666666666667 0.054375 0.08166666666666667
18 0.6440625 0.5233333333333333 0.023125 0.07833333333333334
10 0.68 0.52375 0.05 0.07583333333333334
22 0.435625 0.5695833333333333 0.03125 0.04416666666666667
36 0.4625 0.5758333333333333 0.0225 0.03333333333333333
39 0.4846875 0.5770833333333333 0.019375 0.04083333333333333
40 0.5059375 0.5854166666666667 0.023125 0.024166666666666666
44 0.5315625 0.5845833333333333 0.010625 0.029166666666666667
49 0.5475 0.58875 0.01875 0.024166666666666666
16 0.58875 0.5870833333333333 0.035 0.03916666666666667
40 0.6171875 0.5945833333333334 0.021875 0.024166666666666666
53 0.635 0.5929166666666666 0.01125 0.029166666666666667
48 0.655625 0.5966666666666667 0.02875 0.025
36 0.68125 0.5958333333333333 0.01875 0.03
49 0.7015625 0.5929166666666666 0.016875 0.019166666666666665
60 0.7221875 0.5945833333333334 0.021875 0.035833333333333335
28 0.3575 0.8475 0.01375 0.03833333333333333
36 0.369375 0.8575 0.01 0.028333333333333332
57 0.3796875 0.86 0.010625 0.03333333333333333
50 0.3896875 0.8704166666666666 0.009375 0.0275
49 0.4 0.875 0.01 0.028333333333333332
39 0.416875 0.8770833333333333 0.0125 0.04083333333333333
40 0.428125 0.8870833333333333 0.00875 0.024166666666666666
54 0.4384375 0.8904166666666666 0.010625 0.025833333333333333
50 0.4503125 0.895 0.011875 0.028333333333333332
39 0.4628125 0.89375 0.011875 0.035833333333333335
50 0.4759375 0.9045833333333333 0.010625 0.0275
53 0.48625 0.90625 0.01 0.0275
44 0.4946875 0.9054166666666666 0.006875 0.034166666666666665
54 0.504375 0.9079166666666667 0.01 0.025833333333333333
36 0.516875 0.9108333333333334 0.01375 0.02666666666666667
49 0.529375 0.91375 0.0125 0.029166666666666667
55 0.541875 0.9141666666666667 0.01375 0.04
36 0.5590625 0.91875 0.019375 0.030833333333333334
49 0.5740625 0.9216666666666666 0.011875 0.035
55 0.585 0.915 0.01 0.03833333333333333
44 0.5959375 0.9191666666666667 0.010625 0.04
60 0.375 0.8995833333333333 0.00875 0.034166666666666665
50 0.39 0.90625 0.00875 0.034166666666666665
54 0.4 0.9095833333333333 0.01 0.029166666666666667
40 0.41 0.9166666666666666 0.01125 0.03
48 0.361875 0.8895833333333333 0.0175 0.035833333333333335
38 0.3834375 0.8966666666666666 0.008125 0.028333333333333332
54 0.42125 0.9195833333333333 0.01125 0.030833333333333334
56 0.45 0.93125 0.01 0.030833333333333334
39 0.4375 0.9216666666666666 0.01375 0.03833333333333333
51 0.4678125 0.9404166666666667 0.013125 0.0425
44 0.478125 0.93625 0.00625 0.035833333333333335
40 0.4875 0.9445833333333333 0.0125 0.0275
39 0.50125 0.9425 0.01625 0.03666666666666667
28 0.9121875 0.08833333333333333 0.019375 0.06166666666666667
51 0.929375 0.10375 0.01375 0.05583333333333333
53 0.9440625 0.10041666666666667 0.011875 0.04416666666666667
36 0.9596875 0.09708333333333333 0.016875 0.04083333333333333
60 0.979375 0.10625 0.0225 0.059166666666666666
10 0.0121875 0.9091666666666667 0.018125 0.03333333333333333
15 0.0296875 0.8954166666666666 0.014375 0.0275
24 0.0453125 0.8920833333333333 0.014375 0.024166666666666666
24 0.0621875 0.8895833333333333 0.014375 0.020833333333333332
29 0.075625 0.8883333333333333 0.01125 0.02666666666666667
69 0.43375 0.83 0.02 0.023333333333333334
15 0.3578125 0.7891666666666667 0.011875 0.04666666666666667
56 0.36875 0.8004166666666667 0.00875 0.0325
54 0.3775 0.8054166666666667 0.0075 0.030833333333333334
54 0.385 0.8075 0.00875 0.03
51 0.39375 0.8195833333333333 0.01 0.04416666666666667
44 0.401875 0.8175 0.00625 0.04
47 0.4078125 0.8145833333333333 0.006875 0.0375
61 0.416875 0.8258333333333333 0.01125 0.03333333333333333
13 0.455625 0.8341666666666666 0.01875 0.04833333333333333
40 0.4709375 0.845 0.009375 0.028333333333333332
50 0.4828125 0.8483333333333334 0.013125 0.03
54 0.4953125 0.8504166666666667 0.009375 0.0325
40 0.5065625 0.8533333333333334 0.010625 0.03333333333333333
44 0.516875 0.8520833333333333 0.00875 0.035833333333333335
41 0.5265625 0.85 0.008125 0.045
40 0.538125 0.8595833333333334 0.0125 0.0325
1 0.20875 0.98625 0.015 0.030833333333333334
0 0.22375 0.9783333333333334 0.015 0.045
0 0.2390625 0.9595833333333333 0.014375 0.04416666666666667
42 0.2521875 0.9475 0.014375 0.043333333333333335
