17 0.28828125 0.6395833333333333 0.0484375 0.1125
24 0.32734375 0.6489583333333333 0.0390625 0.10208333333333333
23 0.36484375 0.6677083333333333 0.0328125 0.09791666666666667
10 0.39765625 0.6739583333333333 0.0359375 0.11458333333333333
14 0.42890625 0.6822916666666666 0.0265625 0.11041666666666666
29 0.4578125 0.6885416666666667 0.03125 0.10208333333333333
12 0.50390625 0.703125 0.0390625 0.09375
24 0.5390625 0.7114583333333333 0.025 0.11458333333333333
15 0.5625 0.715625 0.025 0.10208333333333333
15 0.5828125 0.7260416666666667 0.025 0.09375
14 0.60859375 0.728125 0.0234375 0.10208333333333333
14 0.63359375 0.7395833333333334 0.0265625 0.10416666666666667
