21 0.2671875 0.21145833333333333 0.14375 0.27291666666666664
30 0.403125 0.21458333333333332 0.128125 0.2833333333333333
12 0.53125 0.20416666666666666 0.128125 0.2625
20 0.66015625 0.20833333333333334 0.1328125 0.26666666666666666
34 0.7828125 0.209375 0.115625 0.27708333333333335
28 0.23515625 0.5364583333333334 0.1390625 0.28541666666666665
29 0.35625 0.5395833333333333 0.1 0.2791666666666667
27 0.4765625 0.5416666666666666 0.128125 0.2708333333333333
18 0.57890625 0.54375 0.0609375 0.2708333333333333
20 0.690625 0.53125 0.134375 0.26666666666666666
14 0.82109375 0.5395833333333333 0.1171875 0.275
