11 0.16875 0.590625 0.078125 0.13125
30 0.24453125 0.5927083333333333 0.0703125 0.12291666666666666
11 0.16640625 0.5885416666666666 0.0765625 0.13125
27 0.31328125 0.5958333333333333 0.0671875 0.125
16 0.38671875 0.5916666666666667 0.0796875 0.125
14 0.4546875 0.5895833333333333 0.0625 0.125
27 0.521875 0.5916666666666667 0.075 0.12916666666666668
20 0.61015625 0.5875 0.0765625 0.1375
18 0.6625 0.5833333333333334 0.028125 0.14583333333333334
23 0.72109375 0.590625 0.0796875 0.14375
16 0.803125 0.5947916666666667 0.084375 0.15208333333333332
