29 0.2284375 0.23625 0.073125 0.18916666666666668
17 0.2996875 0.26916666666666667 0.066875 0.16833333333333333
14 0.3675 0.30916666666666665 0.06125 0.16
11 0.4434375 0.3466666666666667 0.049375 0.14
24 0.4953125 0.3675 0.053125 0.13333333333333333
13 0.54125 0.39666666666666667 0.04125 0.12833333333333333
34 0.575625 0.41375 0.04 0.1125
28 0.61125 0.43875 0.02875 0.1125
17 0.6396875 0.4533333333333333 0.028125 0.11833333333333333
24 0.6696875 0.46791666666666665 0.029375 0.10583333333333333
25 0.6965625 0.47833333333333333 0.026875 0.09
22 0.503125 0.5375 0.02875 0.10833333333333334
10 0.5284375 0.5458333333333333 0.021875 0.10166666666666667
13 0.5496875 0.54875 0.019375 0.0925
14 0.5690625 0.5566666666666666 0.019375 0.09833333333333333
32 0.595 0.5633333333333334 0.02625 0.09166666666666666
18 0.6109375 0.56875 0.005625 0.0875
29 0.620625 0.5729166666666666 0.01375 0.08583333333333333
17 0.636875 0.5783333333333334 0.02 0.085
25 0.503125 0.6625 0.02875 0.13
10 0.52625 0.665 0.03375 0.12333333333333334
28 0.5540625 0.6670833333333334 0.023125 0.12583333333333332
28 0.5778125 0.6720833333333334 0.021875 0.11916666666666667
64 0.595 0.675 0.01 0.11666666666666667
24 0.610625 0.6754166666666667 0.01875 0.11416666666666667
23 0.6328125 0.6775 0.023125 0.11166666666666666
41 0.024375 0.5395833333333333 0.015 0.03916666666666667
36 0.040625 0.5458333333333333 0.01625 0.03333333333333333
38 0.0578125 0.5470833333333334 0.014375 0.034166666666666665
40 0.075625 0.5504166666666667 0.02 0.034166666666666665
2 0.77625 0.8725 0.015 0.04666666666666667
0 0.789375 0.8725 0.01 0.04666666666666667
65 0.804375 0.8729166666666667 0.02 0.0475
