21 0.178125 0.65 0.046875 0.1125
14 0.2171875 0.6614583333333334 0.0375 0.08958333333333333
16 0.25 0.64375 0.0375 0.10416666666666667
12 0.28515625 0.6572916666666667 0.0234375 0.10208333333333333
23 0.3140625 0.659375 0.028125 0.09375
13 0.34296875 0.6364583333333333 0.0390625 0.08958333333333333
10 0.37890625 0.6510416666666666 0.0359375 0.09791666666666667
27 0.41171875 0.6489583333333333 0.0328125 0.08541666666666667
34 0.44765625 0.6333333333333333 0.0453125 0.1125
27 0.4921875 0.6333333333333333 0.04375 0.11666666666666667
14 0.53125 0.6375 0.028125 0.09583333333333334
28 0.56328125 0.640625 0.0234375 0.09791666666666667
29 0.59140625 0.6447916666666667 0.0296875 0.08541666666666667
10 0.62734375 0.6270833333333333 0.0328125 0.13333333333333333
30 0.66796875 0.6458333333333334 0.0359375 0.0875
27 0.7046875 0.6302083333333334 0.03125 0.11041666666666666
10 0.74140625 0.6177083333333333 0.0328125 0.14791666666666667
23 0.77734375 0.6322916666666667 0.0296875 0.08958333333333333
29 0.81328125 0.6177083333333333 0.0421875 0.11875
