11 0.2140625 0.384375 0.146875 0.25625
56 0.28046875 0.5625 0.0953125 0.16666666666666666
47 0.35390625 0.5125 0.0546875 0.22916666666666666
42 0.43203125 0.5614583333333333 0.0921875 0.23541666666666666
40 0.53515625 0.5229166666666667 0.1078125 0.17083333333333334
48 0.6734375 0.515625 0.165625 0.16041666666666668
44 0.78515625 0.4114583333333333 0.0796875 0.3729166666666667
37 0.50390625 0.6604166666666667 0.0328125 0.075
56 0.53359375 0.6572916666666667 0.0265625 0.07291666666666667
47 0.55546875 0.6520833333333333 0.0171875 0.06666666666666667
42 0.575 0.665625 0.021875 0.07708333333333334
40 0.6 0.6552083333333333 0.03125 0.04791666666666667
48 0.634375 0.6552083333333333 0.040625 0.06041666666666667
44 0.6640625 0.6489583333333333 0.0125 0.08125
38 0.6921875 0.6510416666666666 0.025 0.04791666666666667
50 0.7234375 0.65 0.03125 0.05
46 0.76015625 0.64375 0.0296875 0.07916666666666666
53 0.79140625 0.65 0.0234375 0.0625
