15 0.08515625 0.6739583333333333 0.0484375 0.10625
36 0.125 0.678125 0.034375 0.08958333333333333
54 0.15625 0.6802083333333333 0.028125 0.09375
43 0.18359375 0.675 0.0390625 0.1125
44 0.2109375 0.6677083333333333 0.015625 0.11041666666666666
50 0.23515625 0.6708333333333333 0.0328125 0.09166666666666666
49 0.27109375 0.6708333333333333 0.0421875 0.07083333333333333
21 0.315625 0.6760416666666667 0.04375 0.09791666666666667
40 0.35390625 0.678125 0.0328125 0.08125
36 0.38203125 0.6822916666666666 0.0296875 0.07291666666666667
39 0.415625 0.6791666666666667 0.034375 0.10833333333333334
40 0.44609375 0.6770833333333334 0.0265625 0.07083333333333333
53 0.475 0.671875 0.0375 0.07291666666666667
10 0.59609375 0.6333333333333333 0.2109375 0.3875
49 0.76796875 0.6833333333333333 0.1046875 0.175
49 0.88515625 0.6822916666666666 0.1234375 0.18125
