11 0.364375 0.48041666666666666 0.08375 0.09416666666666666
24 0.4509375 0.4725 0.086875 0.09666666666666666
28 0.5271875 0.46458333333333335 0.064375 0.09583333333333334
28 0.59125 0.45916666666666667 0.06375 0.1
17 0.345625 0.5533333333333333 0.02125 0.035
30 0.38125 0.5483333333333333 0.02125 0.02666666666666667
16 0.4184375 0.54625 0.020625 0.030833333333333334
24 0.4496875 0.5416666666666666 0.020625 0.025
11 0.5065625 0.5375 0.018125 0.028333333333333332
24 0.539375 0.5333333333333333 0.0225 0.025
28 0.573125 0.53 0.01875 0.028333333333333332
28 0.6059375 0.5258333333333334 0.015625 0.03
