22 0.309375 0.453125 0.103125 0.13958333333333334
44 0.39296875 0.459375 0.0484375 0.13958333333333334
38 0.4578125 0.4625 0.075 0.1375
50 0.54765625 0.47604166666666664 0.0703125 0.12708333333333333
25 0.34921875 0.6114583333333333 0.0203125 0.03125
10 0.36953125 0.609375 0.0140625 0.03125
29 0.38515625 0.6145833333333334 0.0171875 0.0375
18 0.39921875 0.6125 0.0140625 0.05416666666666667
28 0.41484375 0.6145833333333334 0.0140625 0.05416666666666667
28 0.43125 0.6135416666666667 0.015625 0.052083333333333336
14 0.446875 0.61875 0.01875 0.0625
27 0.465625 0.6145833333333334 0.0125 0.04583333333333333
18 0.478125 0.6166666666666667 0.009375 0.041666666666666664
14 0.4953125 0.625 0.021875 0.04583333333333333
14 0.5390625 0.5895833333333333 0.01875 0.05416666666666667
23 0.30234375 0.56875 0.0234375 0.0375
14 0.32265625 0.5697916666666667 0.0171875 0.04375
32 0.34609375 0.5625 0.0265625 0.041666666666666664
15 0.37109375 0.571875 0.0171875 0.03958333333333333
27 0.3890625 0.5666666666666667 0.015625 0.03333333333333333
14 0.40859375 0.5708333333333333 0.0203125 0.0375
28 0.42734375 0.5729166666666666 0.0140625 0.0375
17 0.44609375 0.575 0.0171875 0.0375
29 0.4671875 0.5802083333333333 0.021875 0.035416666666666666
10 0.4859375 0.5770833333333333 0.01875 0.03333333333333333
28 0.50390625 0.5791666666666667 0.0140625 0.04583333333333333
29 0.5203125 0.58125 0.0125 0.03333333333333333
