12 0.140625 0.515625 0.103125 0.16458333333333333
13 0.22890625 0.5208333333333334 0.0765625 0.175
18 0.296875 0.5239583333333333 0.05625 0.18125
23 0.378125 0.5229166666666667 0.109375 0.1875
32 0.54921875 0.55625 0.0578125 0.07083333333333333
14 0.59765625 0.55625 0.0421875 0.07916666666666666
28 0.63828125 0.5572916666666666 0.0453125 0.07708333333333334
29 0.6765625 0.5583333333333333 0.0375 0.0875
14 0.71328125 0.55625 0.0421875 0.075
27 0.75390625 0.5604166666666667 0.0421875 0.075
23 0.796875 0.5614583333333333 0.0375 0.08125
11 0.8609375 0.5645833333333333 0.0375 0.06666666666666667
10 0.89609375 0.5614583333333333 0.0421875 0.06458333333333334
27 0.93671875 0.559375 0.0390625 0.07291666666666667
