11 0.130625 0.08291666666666667 0.09 0.16583333333333333
24 0.258125 0.09291666666666666 0.12875 0.17083333333333334
13 0.389375 0.10416666666666667 0.1075 0.17333333333333334
34 0.498125 0.115 0.1 0.18166666666666667
28 0.6175 0.12458333333333334 0.07625 0.17083333333333334
17 0.7121875 0.14583333333333334 0.095625 0.165
24 0.8228125 0.16125 0.093125 0.1575
25 0.910625 0.16625 0.07125 0.15916666666666668
22 0.3190625 0.3233333333333333 0.081875 0.14833333333333334
10 0.3946875 0.3325 0.063125 0.15333333333333332
13 0.4565625 0.3333333333333333 0.059375 0.145
14 0.514375 0.33708333333333335 0.0575 0.14583333333333334
32 0.6009375 0.34291666666666665 0.085625 0.1425
18 0.6528125 0.345 0.016875 0.14333333333333334
29 0.68625 0.34833333333333333 0.04875 0.14333333333333334
17 0.736875 0.35208333333333336 0.05125 0.1425
25 0.320625 0.5079166666666667 0.09 0.19916666666666666
10 0.3903125 0.5075 0.089375 0.19666666666666666
28 0.4709375 0.5129166666666667 0.073125 0.18916666666666668
28 0.5446875 0.5154166666666666 0.071875 0.19083333333333333
64 0.5984375 0.52 0.031875 0.19
24 0.6515625 0.5195833333333333 0.073125 0.1925
23 0.7259375 0.5183333333333333 0.074375 0.185
67 0.754375 0.7641666666666667 0.005 0.011666666666666667
70 0.320625 0.81875 0.005 0.0125
3 0.3984375 0.8054166666666667 0.009375 0.0225
0 0.4071875 0.8066666666666666 0.006875 0.021666666666666667
0 0.4140625 0.805 0.008125 0.021666666666666667
70 0.380625 0.9241666666666667 0.00375 0.013333333333333334
67 0.7034375 0.9 0.004375 0.011666666666666667
73 0.6584375 0.83875 0.009375 0.010833333333333334
72 0.419375 0.9641666666666666 0.0075 0.03333333333333333
29 0.2890625 0.70375 0.013125 0.0325
14 0.300625 0.7029166666666666 0.00875 0.030833333333333334
28 0.3103125 0.7033333333333334 0.009375 0.03166666666666667
29 0.319375 0.70375 0.00625 0.030833333333333334
18 0.3246875 0.7045833333333333 0.003125 0.029166666666666667
23 0.3321875 0.7020833333333333 0.010625 0.0275
16 0.345625 0.7029166666666666 0.015 0.0275
27 0.5915625 0.6991666666666667 0.011875 0.025
18 0.599375 0.6979166666666666 0.00375 0.024166666666666666
16 0.60625 0.69875 0.00875 0.0225
17 0.615625 0.6983333333333334 0.00875 0.02
29 0.623125 0.6979166666666666 0.0075 0.020833333333333332
28 0.631875 0.69875 0.00875 0.020833333333333332
25 0.684375 0.69875 0.00875 0.024166666666666666
21 0.6928125 0.6979166666666666 0.006875 0.020833333333333332
10 0.700625 0.6975 0.00875 0.021666666666666667
23 0.71 0.6979166666666666 0.01 0.019166666666666665
14 0.71875 0.6970833333333334 0.0075 0.025833333333333333
29 0.728125 0.6966666666666667 0.01125 0.023333333333333334
14 0.49625 0.7016666666666667 0.00875 0.03
28 0.505 0.6995833333333333 0.00875 0.024166666666666666
29 0.51375 0.7016666666666667 0.00875 0.028333333333333332
14 0.5228125 0.7016666666666667 0.006875 0.02666666666666667
14 0.53 0.7 0.0075 0.023333333333333334
22 0.5415625 0.7008333333333333 0.014375 0.02666666666666667
29 0.3953125 0.70125 0.011875 0.025833333333333333
27 0.405625 0.7008333333333333 0.01125 0.025
10 0.4159375 0.7008333333333333 0.010625 0.02666666666666667
13 0.4259375 0.70125 0.009375 0.024166666666666666
14 0.435 0.70125 0.0125 0.024166666666666666
10 0.2903125 0.68 0.014375 0.023333333333333334
23 0.3025 0.68 0.01 0.025
18 0.3096875 0.68 0.005625 0.025
22 0.3190625 0.6808333333333333 0.011875 0.025
10 0.3303125 0.68 0.009375 0.021666666666666667
21 0.3409375 0.6795833333333333 0.011875 0.019166666666666665
12 0.3959375 0.6775 0.011875 0.018333333333333333
24 0.4071875 0.6779166666666666 0.009375 0.024166666666666666
22 0.4190625 0.6779166666666666 0.011875 0.020833333333333332
22 0.43125 0.6791666666666667 0.01125 0.021666666666666667
30 0.440625 0.6804166666666667 0.00875 0.024166666666666666
23 0.4496875 0.6795833333333333 0.009375 0.0225
18 0.45625 0.6791666666666667 0.00375 0.021666666666666667
29 0.4625 0.6791666666666667 0.0075 0.025
34 0.4715625 0.6791666666666667 0.010625 0.02666666666666667
28 0.4946875 0.6779166666666666 0.011875 0.024166666666666666
14 0.505 0.6770833333333334 0.00875 0.024166666666666666
21 0.513125 0.6775 0.0075 0.025
15 0.5215625 0.6770833333333334 0.009375 0.0225
24 0.6846875 0.6766666666666666 0.011875 0.023333333333333334
30 0.6946875 0.6766666666666666 0.008125 0.023333333333333334
27 0.7046875 0.6754166666666667 0.009375 0.020833333333333332
17 0.59375 0.6766666666666666 0.01 0.021666666666666667
30 0.603125 0.6770833333333334 0.0075 0.020833333333333332
22 0.6128125 0.67625 0.010625 0.024166666666666666
10 0.6234375 0.6779166666666666 0.009375 0.020833333333333332
23 0.6340625 0.6775 0.010625 0.021666666666666667
10 0.290625 0.65625 0.0175 0.025833333333333333
16 0.305 0.6554166666666666 0.01 0.025833333333333333
10 0.3153125 0.655 0.010625 0.03166666666666667
18 0.32375 0.655 0.005 0.028333333333333332
23 0.3325 0.6566666666666666 0.01 0.028333333333333332
28 0.343125 0.6566666666666666 0.01 0.02666666666666667
29 0.354375 0.6570833333333334 0.0125 0.0275
28 0.395625 0.6554166666666666 0.015 0.029166666666666667
30 0.40875 0.6541666666666667 0.01 0.02666666666666667
25 0.41875 0.6533333333333333 0.01 0.02666666666666667
25 0.4290625 0.6558333333333334 0.009375 0.025
24 0.43875 0.65625 0.01 0.0275
27 0.44875 0.6554166666666666 0.01 0.0275
29 0.4596875 0.6554166666666666 0.011875 0.0275
10 0.49625 0.65375 0.01625 0.0225
12 0.50875 0.6541666666666667 0.01125 0.023333333333333334
29 0.5171875 0.6558333333333334 0.008125 0.02666666666666667
18 0.5240625 0.6545833333333333 0.005625 0.025833333333333333
31 0.5309375 0.6545833333333333 0.009375 0.0275
10 0.5403125 0.65375 0.010625 0.025833333333333333
29 0.5484375 0.65375 0.008125 0.030833333333333334
14 0.5578125 0.6554166666666666 0.013125 0.0325
13 0.5921875 0.65375 0.013125 0.024166666666666666
14 0.6034375 0.6541666666666667 0.008125 0.025
15 0.6115625 0.6533333333333333 0.008125 0.02666666666666667
14 0.6203125 0.6554166666666666 0.008125 0.024166666666666666
23 0.629375 0.655 0.01 0.023333333333333334
13 0.6403125 0.6566666666666666 0.009375 0.028333333333333332
25 0.6840625 0.6525 0.013125 0.025
27 0.695 0.65375 0.01 0.025833333333333333
24 0.704375 0.6525 0.00875 0.02666666666666667
29 0.7134375 0.6541666666666667 0.008125 0.02666666666666667
14 0.7215625 0.65375 0.008125 0.0275
12 0.7290625 0.6541666666666667 0.008125 0.02666666666666667
29 0.739375 0.6554166666666666 0.01125 0.025833333333333333
