13 0.309375 0.45625 0.0875 0.14166666666666666
18 0.3734375 0.4583333333333333 0.04375 0.15416666666666667
16 0.43671875 0.46145833333333336 0.0828125 0.14791666666666667
18 0.4984375 0.459375 0.046875 0.15625
29 0.5578125 0.4583333333333333 0.078125 0.15
10 0.6328125 0.46041666666666664 0.071875 0.15
21 0.7109375 0.46770833333333334 0.084375 0.13541666666666666
50 0.07265625 0.4708333333333333 0.0515625 0.0875
38 0.1296875 0.46979166666666666 0.06875 0.09375
40 0.1921875 0.47291666666666665 0.0625 0.08333333333333333
