22 0.05859375 0.39895833333333336 0.1171875 0.17708333333333334
24 0.19140625 0.38958333333333334 0.1265625 0.1625
23 0.3296875 0.39479166666666665 0.1125 0.16875
24 0.45390625 0.403125 0.1296875 0.15208333333333332
20 0.57890625 0.4083333333333333 0.1015625 0.17083333333333334
27 0.6765625 0.40625 0.10625 0.175
10 0.778125 0.415625 0.096875 0.15208333333333332
15 0.86171875 0.4239583333333333 0.0640625 0.14791666666666667
29 0.93671875 0.428125 0.0859375 0.14791666666666667
17 0.253125 0.5385416666666667 0.078125 0.10625
10 0.32265625 0.5447916666666667 0.0578125 0.09375
23 0.38828125 0.546875 0.0734375 0.10208333333333333
13 0.459375 0.55 0.06875 0.10833333333333334
18 0.5078125 0.546875 0.028125 0.09791666666666667
12 0.553125 0.5458333333333333 0.05625 0.09583333333333334
27 0.609375 0.546875 0.053125 0.09791666666666667
10 0.665625 0.5458333333333333 0.059375 0.08333333333333333
15 0.71484375 0.553125 0.0390625 0.08958333333333333
29 0.76875 0.5541666666666667 0.06875 0.09166666666666666
