2 0.443125 0.36833333333333335 0.03625 0.06666666666666667
0 0.476875 0.37083333333333335 0.03125 0.065
0 0.509375 0.3725 0.03125 0.065
7 0.541875 0.37416666666666665 0.03375 0.07166666666666667
15 0.589375 0.37583333333333335 0.03625 0.07166666666666667
10 0.629375 0.37583333333333335 0.04125 0.07166666666666667
21 0.66875 0.37666666666666665 0.035 0.07333333333333333
21 0.70625 0.3775 0.035 0.07833333333333334
12 0.379375 0.5783333333333334 0.03875 0.06333333333333334
24 0.416875 0.5808333333333333 0.03625 0.07166666666666667
21 0.4525 0.5875 0.0325 0.07166666666666667
21 0.485625 0.59 0.03125 0.07333333333333333
14 0.520625 0.5916666666666667 0.03875 0.07333333333333333
12 0.558125 0.5975 0.03125 0.06833333333333333
29 0.5925 0.5991666666666666 0.035 0.07166666666666667
18 0.619375 0.605 0.01625 0.07333333333333333
24 0.649375 0.6058333333333333 0.03875 0.06833333333333333
23 0.6925 0.6083333333333333 0.0425 0.08
27 0.21875 0.465 0.0675 0.15333333333333332
10 0.285 0.4691666666666667 0.0625 0.15166666666666667
32 0.356875 0.4716666666666667 0.10125 0.16
66 0.419375 0.42916666666666664 0.02125 0.06833333333333333
11 0.465625 0.4766666666666667 0.06875 0.15333333333333332
30 0.53375 0.4841666666666667 0.07 0.155
12 0.605 0.48833333333333334 0.0725 0.15666666666666668
20 0.68375 0.495 0.085 0.15666666666666668
11 0.215 0.6391666666666667 0.03 0.06166666666666667
2 0.243125 0.6408333333333334 0.02875 0.06833333333333333
67 0.26125 0.665 0.01 0.03666666666666667
3 0.280625 0.6475 0.02375 0.085
1 0.30625 0.6558333333333334 0.0225 0.08166666666666667
4 0.334375 0.6533333333333333 0.02875 0.08333333333333333
5 0.36125 0.6533333333333333 0.03 0.07333333333333333
69 0.39125 0.6633333333333333 0.03 0.04
2 0.4225 0.6633333333333333 0.0325 0.07333333333333333
0 0.45375 0.6675 0.0275 0.06833333333333333
4 0.481875 0.6733333333333333 0.02625 0.07
2 0.514375 0.6775 0.03625 0.07833333333333334
