15 0.1328125 0.36666666666666664 0.120625 0.23666666666666666
47 0.2175 0.36125 0.05 0.21083333333333334
60 0.290625 0.39125 0.10875 0.2175
14 0.439375 0.36541666666666667 0.11375 0.21583333333333332
48 0.5653125 0.38083333333333336 0.139375 0.18833333333333332
44 0.653125 0.35791666666666666 0.04 0.18416666666666667
53 0.7046875 0.38333333333333336 0.061875 0.17666666666666667
36 0.7640625 0.38125 0.073125 0.15083333333333335
55 0.82625 0.37 0.0525 0.165
40 0.883125 0.38666666666666666 0.0625 0.16166666666666665
54 0.9453125 0.3779166666666667 0.063125 0.14416666666666667
