25 0.13125 0.5229166666666667 0.075 0.12916666666666668
43 0.1859375 0.5291666666666667 0.05 0.12083333333333333
44 0.22421875 0.5260416666666666 0.0265625 0.12708333333333333
47 0.246875 0.5270833333333333 0.025 0.1375
50 0.28515625 0.5416666666666666 0.0484375 0.09166666666666666
54 0.334375 0.5395833333333333 0.05 0.0875
50 0.38828125 0.54375 0.0484375 0.0875
51 0.4390625 0.5510416666666667 0.05625 0.11875
43 0.49296875 0.5270833333333333 0.0515625 0.1125
60 0.54609375 0.55 0.0515625 0.11666666666666667
17 0.63828125 0.53125 0.0703125 0.12916666666666668
44 0.68671875 0.53125 0.0265625 0.12916666666666668
54 0.7234375 0.5458333333333333 0.04375 0.10416666666666667
55 0.7609375 0.5354166666666667 0.040625 0.12083333333333333
50 0.80703125 0.5458333333333333 0.0484375 0.10416666666666667
53 0.84609375 0.5427083333333333 0.0296875 0.09375
60 0.88984375 0.5572916666666666 0.0609375 0.13541666666666666
14 0.33671875 0.6802083333333333 0.0703125 0.13958333333333334
39 0.3984375 0.684375 0.05625 0.13958333333333334
56 0.45234375 0.690625 0.0484375 0.11458333333333333
38 0.503125 0.69375 0.053125 0.11666666666666667
36 0.5578125 0.69375 0.05625 0.11666666666666667
55 0.603125 0.684375 0.034375 0.12291666666666666
44 0.63125 0.6864583333333333 0.028125 0.12708333333333333
50 0.67109375 0.7 0.0515625 0.09166666666666666
49 0.72578125 0.703125 0.0640625 0.09791666666666667
