29 0.18203125 0.6791666666666667 0.0671875 0.09583333333333334
4 0.2828125 0.6802083333333333 0.05 0.07708333333333334
8 0.33984375 0.6802083333333333 0.0515625 0.06458333333333334
3 0.39921875 0.6760416666666667 0.0609375 0.07291666666666667
7 0.509375 0.671875 0.075 0.08958333333333333
0 0.575 0.6666666666666666 0.05625 0.06666666666666667
9 0.63359375 0.6729166666666667 0.0671875 0.08333333333333333
1 0.70234375 0.6614583333333334 0.0703125 0.07291666666666667
1 0.97109375 0.6572916666666667 0.0390625 0.07708333333333334
11 0.91640625 0.6614583333333334 0.0734375 0.07291666666666667
