16 0.215625 0.64375 0.075 0.09166666666666666
60 0.271875 0.6677083333333333 0.03125 0.08125
40 0.30625 0.6604166666666667 0.0375 0.0625
50 0.34453125 0.6604166666666667 0.0359375 0.06666666666666667
49 0.384375 0.6572916666666667 0.0375 0.06875
42 0.4234375 0.6677083333333333 0.0375 0.08541666666666667
28 0.46171875 0.6510416666666666 0.0359375 0.08541666666666667
36 0.49765625 0.6552083333333333 0.0390625 0.06458333333333334
49 0.5375 0.653125 0.0375 0.06041666666666667
42 0.5765625 0.665625 0.040625 0.08541666666666667
49 0.61640625 0.6510416666666666 0.0359375 0.06041666666666667
36 0.65390625 0.6489583333333333 0.0390625 0.06041666666666667
48 0.7 0.6541666666666667 0.05 0.075
39 0.77265625 0.6479166666666667 0.0390625 0.06666666666666667
50 0.81015625 0.6572916666666667 0.0328125 0.05625
16 0.2296875 0.5229166666666667 0.05625 0.08333333333333333
60 0.27578125 0.54375 0.0328125 0.0875
40 0.31328125 0.5354166666666667 0.0421875 0.06666666666666667
50 0.35234375 0.5385416666666667 0.0359375 0.05625
49 0.390625 0.5385416666666667 0.040625 0.06458333333333334
42 0.4296875 0.55 0.040625 0.09166666666666666
28 0.4671875 0.5291666666666667 0.040625 0.1
36 0.50703125 0.528125 0.0390625 0.08541666666666667
49 0.54609375 0.5322916666666667 0.0390625 0.06458333333333334
42 0.5859375 0.5489583333333333 0.040625 0.08125
37 0.6234375 0.5270833333333333 0.04375 0.07916666666666666
56 0.66328125 0.5322916666666667 0.0359375 0.06458333333333334
46 0.7 0.5302083333333333 0.0375 0.08125
39 0.7671875 0.5291666666666667 0.040625 0.07916666666666666
50 0.80625 0.5395833333333333 0.034375 0.075
