29 0.26875 0.49270833333333336 0.065625 0.08125
4 0.3703125 0.49375 0.046875 0.07916666666666666
7 0.4296875 0.49375 0.053125 0.09583333333333334
7 0.49375 0.4947916666666667 0.0625 0.07708333333333334
0 0.615625 0.48854166666666665 0.06875 0.08958333333333333
1 0.678125 0.4864583333333333 0.040625 0.09791666666666667
1 0.73671875 0.4875 0.0453125 0.09583333333333334
3 0.80234375 0.478125 0.0640625 0.08125
29 0.45625 0.8041666666666667 0.040625 0.09583333333333334
4 0.51015625 0.8010416666666667 0.0359375 0.09375
7 0.540625 0.8020833333333334 0.028125 0.09583333333333334
7 0.56875 0.8020833333333334 0.025 0.09166666666666666
0 0.62578125 0.8 0.0328125 0.10416666666666667
1 0.6578125 0.7947916666666667 0.025 0.09375
1 0.68671875 0.7927083333333333 0.0328125 0.08541666666666667
3 0.7203125 0.7979166666666667 0.040625 0.1
