29 0.0609375 0.48854166666666665 0.05 0.08958333333333333
40 0.09765625 0.496875 0.0390625 0.06458333333333334
47 0.12890625 0.4791666666666667 0.0234375 0.08333333333333333
8 0.19375 0.4791666666666667 0.04375 0.08333333333333333
2 0.2390625 0.48125 0.040625 0.0875
5 0.28125 0.48854166666666665 0.04375 0.10625
6 0.37421875 0.47604166666666664 0.0484375 0.08541666666666667
6 0.42109375 0.47604166666666664 0.0453125 0.08958333333333333
0 0.46640625 0.4739583333333333 0.0421875 0.08125
0 0.51328125 0.471875 0.0453125 0.08541666666666667
1 0.61640625 0.4708333333333333 0.0421875 0.0875
15 0.75703125 0.4666666666666667 0.0484375 0.08333333333333333
36 0.8015625 0.47604166666666664 0.034375 0.06041666666666667
59 0.8390625 0.471875 0.0375 0.05625
8 0.9 0.46458333333333335 0.04375 0.075
2 0.9390625 0.459375 0.0375 0.08125
5 0.97734375 0.465625 0.0390625 0.07291666666666667
