29 0.61875 0.6739583333333333 0.025 0.07291666666666667
40 0.6421875 0.6770833333333334 0.01875 0.058333333333333334
47 0.65703125 0.6770833333333334 0.0140625 0.075
4 0.69140625 0.6822916666666666 0.0234375 0.08125
8 0.71640625 0.6791666666666667 0.0265625 0.07916666666666666
5 0.74375 0.6875 0.028125 0.058333333333333334
5 0.7953125 0.6802083333333333 0.025 0.06458333333333334
9 0.8203125 0.6729166666666667 0.025 0.06666666666666667
4 0.8453125 0.6791666666666667 0.025 0.058333333333333334
0 0.87421875 0.6729166666666667 0.0359375 0.05
