23 0.371875 0.31145833333333334 0.0625 0.09791666666666667
50 0.425 0.32916666666666666 0.04375 0.075
38 0.48125 0.3333333333333333 0.0375 0.06666666666666667
47 0.50859375 0.321875 0.0203125 0.07708333333333334
36 0.5375 0.33125 0.040625 0.07916666666666666
54 0.571875 0.32708333333333334 0.028125 0.075
54 0.60390625 0.3333333333333333 0.0359375 0.07916666666666666
12 0.0359375 0.46041666666666664 0.046875 0.1
28 0.078125 0.4625 0.034375 0.10416666666666667
4 0.11015625 0.4625 0.0390625 0.09166666666666666
8 0.1515625 0.46145833333333336 0.04375 0.08958333333333333
9 0.19375 0.4635416666666667 0.034375 0.08958333333333333
58 0.16328125 0.5989583333333334 0.0578125 0.07291666666666667
44 0.20234375 0.5989583333333334 0.0171875 0.07291666666666667
47 0.21953125 0.5958333333333333 0.0171875 0.07916666666666666
47 0.2375 0.6020833333333333 0.021875 0.09166666666666666
54 0.28125 0.6010416666666667 0.034375 0.06458333333333334
55 0.31015625 0.6052083333333333 0.0234375 0.07291666666666667
36 0.3390625 0.6072916666666667 0.03125 0.052083333333333336
53 0.36953125 0.6083333333333333 0.0265625 0.06666666666666667
55 0.39765625 0.60625 0.0265625 0.07916666666666666
41 0.43671875 0.6052083333333333 0.0296875 0.08125
53 0.46484375 0.6072916666666667 0.0265625 0.04375
50 0.49609375 0.6114583333333333 0.0359375 0.06458333333333334
48 0.54296875 0.6125 0.0578125 0.06666666666666667
7 0.60703125 0.6052083333333333 0.0453125 0.08541666666666667
28 0.70625 0.6104166666666667 0.034375 0.07916666666666666
40 0.740625 0.6104166666666667 0.034375 0.0625
51 0.77734375 0.6239583333333333 0.0421875 0.09375
