29 0.2265625 0.43020833333333336 0.0375 0.06875
6 0.26015625 0.42916666666666664 0.0265625 0.06666666666666667
7 0.28359375 0.4270833333333333 0.0234375 0.06666666666666667
3 0.3078125 0.425 0.021875 0.0625
4 0.3421875 0.43125 0.021875 0.0625
5 0.3640625 0.4239583333333333 0.01875 0.06041666666666667
4 0.384375 0.42916666666666664 0.021875 0.06666666666666667
7 0.4125 0.42604166666666665 0.028125 0.06041666666666667
17 0.4515625 0.43333333333333335 0.0375 0.075
0 0.4875 0.43020833333333336 0.028125 0.06458333333333334
1 0.51171875 0.4270833333333333 0.0171875 0.0625
1 0.53203125 0.428125 0.0234375 0.06875
4 0.56875 0.43333333333333335 0.028125 0.06666666666666667
0 0.59375 0.43020833333333336 0.021875 0.06458333333333334
3 0.6171875 0.43020833333333336 0.021875 0.06041666666666667
4 0.6546875 0.43125 0.025 0.06666666666666667
5 0.6796875 0.428125 0.021875 0.06041666666666667
4 0.7015625 0.42916666666666664 0.021875 0.06666666666666667
7 0.72578125 0.43125 0.0359375 0.07083333333333333
