27 0.09296875 0.37395833333333334 0.0703125 0.13125
24 0.1578125 0.37604166666666666 0.065625 0.12708333333333333
59 0.21640625 0.375 0.0546875 0.125
34 0.26875 0.37604166666666666 0.053125 0.11458333333333333
32 0.35859375 0.378125 0.0921875 0.12708333333333333
40 0.42265625 0.38645833333333335 0.0421875 0.09375
47 0.4546875 0.375 0.028125 0.125
47 0.4796875 0.371875 0.021875 0.13541666666666666
49 0.51953125 0.38333333333333336 0.0421875 0.09166666666666666
40 0.5625 0.3802083333333333 0.0375 0.09791666666666667
54 0.60078125 0.375 0.0328125 0.10416666666666667
54 0.63359375 0.3729166666666667 0.0328125 0.10416666666666667
12 0.70078125 0.36354166666666665 0.0703125 0.11875
40 0.75625 0.3802083333333333 0.0375 0.10208333333333333
49 0.79609375 0.375 0.0484375 0.09583333333333334
55 0.83359375 0.3729166666666667 0.0265625 0.10416666666666667
40 0.86796875 0.37604166666666666 0.0421875 0.08541666666666667
53 0.91171875 0.38333333333333336 0.0453125 0.11666666666666667
