14 0.16171875 0.5895833333333333 0.0609375 0.1625
38 0.2 0.6125 0.04375 0.10416666666666667
50 0.2390625 0.6145833333333334 0.034375 0.1125
49 0.27265625 0.6135416666666667 0.0328125 0.11875
50 0.30546875 0.6104166666666667 0.0359375 0.1125
48 0.3484375 0.6114583333333333 0.053125 0.11458333333333333
60 0.38984375 0.6239583333333333 0.0359375 0.18541666666666667
22 0.4546875 0.5895833333333333 0.059375 0.1625
36 0.5015625 0.6135416666666667 0.03125 0.11458333333333333
49 0.5359375 0.6104166666666667 0.03125 0.14166666666666666
36 0.56796875 0.60625 0.0328125 0.13333333333333333
42 0.603125 0.63125 0.0375 0.15833333333333333
40 0.6375 0.60625 0.034375 0.12916666666666668
48 0.68046875 0.6072916666666667 0.0578125 0.13541666666666666
40 0.725 0.60625 0.034375 0.12916666666666668
49 0.7578125 0.603125 0.03125 0.11875
55 0.78828125 0.5927083333333333 0.0390625 0.14791666666666667
