12 0.303125 0.471875 0.065625 0.10625
56 0.3546875 0.48020833333333335 0.040625 0.07708333333333334
47 0.3828125 0.471875 0.0125 0.08541666666666667
55 0.40078125 0.4666666666666667 0.0265625 0.0875
56 0.43359375 0.47708333333333336 0.0390625 0.075
53 0.46640625 0.47291666666666665 0.0234375 0.07083333333333333
36 0.49765625 0.47708333333333336 0.0390625 0.075
47 0.52578125 0.47604166666666664 0.0203125 0.08541666666666667
16 0.5765625 0.465625 0.05625 0.08125
56 0.625 0.47708333333333336 0.040625 0.07916666666666666
44 0.6515625 0.47604166666666664 0.0125 0.08541666666666667
39 0.678125 0.4708333333333333 0.040625 0.0875
40 0.71875 0.4822916666666667 0.040625 0.07708333333333334
15 0.4125 0.5916666666666667 0.06875 0.12916666666666668
50 0.47578125 0.6 0.0640625 0.09583333333333334
50 0.5375 0.6010416666666667 0.059375 0.09791666666666667
39 0.6 0.5947916666666667 0.065625 0.11041666666666666
