28 0.0796875 0.5135416666666667 0.071875 0.14375
12 0.15625 0.5114583333333333 0.084375 0.13958333333333334
27 0.23046875 0.5145833333333333 0.0578125 0.15
14 0.28671875 0.5166666666666667 0.0578125 0.15833333333333333
14 0.3421875 0.5145833333333333 0.05625 0.15416666666666667
23 0.40546875 0.5114583333333333 0.0734375 0.15208333333333332
28 0.49453125 0.5135416666666667 0.0671875 0.13125
17 0.55859375 0.5177083333333333 0.0671875 0.13958333333333334
24 0.6328125 0.5104166666666666 0.096875 0.14166666666666666
24 0.72421875 0.515625 0.0828125 0.16458333333333333
29 0.7921875 0.5177083333333333 0.05 0.13958333333333334
18 0.828125 0.5145833333333333 0.028125 0.1375
23 0.87890625 0.5145833333333333 0.0734375 0.14583333333333334
16 0.95390625 0.5125 0.0828125 0.15
