11 0.2765625 0.734375 0.06875 0.13125
24 0.3390625 0.7229166666666667 0.05 0.125
24 0.39296875 0.7166666666666667 0.0578125 0.12083333333333333
20 0.45078125 0.7114583333333333 0.0609375 0.12708333333333333
12 0.51953125 0.7 0.0546875 0.13333333333333333
14 0.56796875 0.6885416666666667 0.0546875 0.13958333333333334
23 0.6265625 0.6895833333333333 0.065625 0.13333333333333333
29 0.68203125 0.68125 0.0515625 0.12916666666666668
14 0.73125 0.678125 0.046875 0.12708333333333333
27 0.78671875 0.66875 0.0640625 0.13333333333333333
13 0.290625 0.55 0.059375 0.13333333333333333
10 0.3453125 0.540625 0.053125 0.12291666666666666
14 0.39921875 0.53125 0.0484375 0.12083333333333333
17 0.45078125 0.528125 0.0515625 0.13125
24 0.50390625 0.515625 0.0671875 0.13125
24 0.56640625 0.50625 0.0546875 0.125
23 0.62578125 0.5041666666666667 0.0734375 0.125
