1 0.0328125 0.428125 0.03125 0.07708333333333334
0 0.06171875 0.42604166666666665 0.0359375 0.07708333333333334
4 0.096875 0.42604166666666665 0.03125 0.08958333333333333
29 0.4046875 0.44479166666666664 0.06875 0.10625
4 0.50234375 0.44479166666666664 0.0515625 0.09791666666666667
7 0.5578125 0.4427083333333333 0.05625 0.11041666666666666
2 0.62109375 0.4427083333333333 0.0609375 0.10208333333333333
5 0.7390625 0.44166666666666665 0.059375 0.1
0 0.7953125 0.43645833333333334 0.053125 0.08958333333333333
4 0.85546875 0.44479166666666664 0.0578125 0.08958333333333333
1 0.909375 0.4479166666666667 0.046875 0.09583333333333334
