27 0.41015625 0.18958333333333333 0.0484375 0.08333333333333333
24 0.47890625 0.18645833333333334 0.0515625 0.08541666666666667
28 0.54140625 0.18541666666666667 0.0609375 0.07083333333333333
14 0.60859375 0.18958333333333333 0.0640625 0.08333333333333333
29 0.10234375 0.409375 0.1359375 0.18541666666666667
27 0.2484375 0.421875 0.134375 0.18125
14 0.403125 0.41875 0.128125 0.17083333333333334
22 0.5421875 0.4270833333333333 0.134375 0.16666666666666666
10 0.6828125 0.42291666666666666 0.128125 0.15416666666666667
18 0.78828125 0.428125 0.0359375 0.13125
23 0.89296875 0.42291666666666666 0.1296875 0.15833333333333333
29 0.24453125 0.8895833333333333 0.0546875 0.07916666666666666
17 0.3078125 0.8958333333333334 0.0625 0.07916666666666666
14 0.375 0.890625 0.053125 0.06458333333333334
12 0.47109375 0.8885416666666667 0.0515625 0.07708333333333334
24 0.53359375 0.8854166666666666 0.0453125 0.07916666666666666
21 0.59765625 0.8916666666666667 0.0484375 0.07916666666666666
24 0.6515625 0.8864583333333333 0.059375 0.07291666666666667
30 0.71328125 0.8875 0.0546875 0.06666666666666667
27 0.7734375 0.8854166666666666 0.065625 0.07083333333333333
