1 0.33203125 0.38958333333333334 0.0671875 0.24166666666666667
0 0.465625 0.3770833333333333 0.10625 0.17083333333333334
0 0.57265625 0.38125 0.1015625 0.1875
0 0.67890625 0.3854166666666667 0.1109375 0.19166666666666668
2 0.2734375 0.9729166666666667 0.03125 0.05
0 0.2984375 0.965625 0.01875 0.04791666666666667
0 0.3140625 0.9614583333333333 0.0125 0.04791666666666667
9 0.334375 0.9489583333333333 0.021875 0.04375
28 0.35703125 0.9302083333333333 0.0203125 0.04791666666666667
30 0.37578125 0.9239583333333333 0.0203125 0.052083333333333336
22 0.3984375 0.9114583333333334 0.025 0.04791666666666667
22 0.42265625 0.903125 0.0296875 0.04791666666666667
14 0.44375 0.8885416666666667 0.015625 0.052083333333333336
27 0.465625 0.8791666666666667 0.021875 0.041666666666666664
25 0.484375 0.8645833333333334 0.01875 0.05416666666666667
27 0.50703125 0.8604166666666667 0.0171875 0.05416666666666667
14 0.52265625 0.840625 0.0171875 0.05625
22 0.54375 0.8322916666666667 0.021875 0.04791666666666667
18 0.5609375 0.828125 0.009375 0.06041666666666667
30 0.57578125 0.821875 0.0171875 0.04375
22 0.596875 0.80625 0.028125 0.04583333333333333
18 0.61796875 0.7854166666666667 0.0140625 0.05
12 0.6359375 0.7822916666666667 0.015625 0.04791666666666667
14 0.653125 0.7739583333333333 0.01875 0.03958333333333333
12 0.675 0.7541666666666667 0.025 0.05416666666666667
24 0.6953125 0.7510416666666667 0.015625 0.03958333333333333
15 0.71171875 0.7333333333333333 0.0171875 0.041666666666666664
15 0.72578125 0.7291666666666666 0.0140625 0.041666666666666664
14 0.73984375 0.7239583333333334 0.0140625 0.03958333333333333
14 0.75859375 0.7125 0.0234375 0.05
18 0.2453125 0.8875 0.059375 0.1125
12 0.30546875 0.8625 0.0640625 0.12083333333333333
14 0.36171875 0.8322916666666667 0.0609375 0.11458333333333333
12 0.43984375 0.784375 0.0796875 0.10625
24 0.51328125 0.7479166666666667 0.0640625 0.10416666666666667
15 0.5671875 0.715625 0.04375 0.10625
15 0.61484375 0.6875 0.0546875 0.10833333333333334
14 0.66875 0.659375 0.05625 0.11875
14 0.721875 0.6354166666666666 0.053125 0.1125
