7 0.91953125 0.509375 0.0953125 0.14791666666666667
14 0.78359375 0.6364583333333333 0.0421875 0.08958333333333333
59 0.82109375 0.6375 0.0359375 0.07916666666666666
55 0.87421875 0.6364583333333333 0.0328125 0.07291666666666667
7 0.9296875 0.628125 0.059375 0.08541666666666667
34 0.06953125 0.6875 0.0453125 0.07916666666666666
56 0.11328125 0.6979166666666666 0.0421875 0.07083333333333333
54 0.15234375 0.69375 0.0328125 0.0625
40 0.1890625 0.6875 0.04375 0.0625
50 0.23203125 0.6864583333333333 0.0390625 0.06458333333333334
49 0.27421875 0.6822916666666666 0.0421875 0.06458333333333334
42 0.31796875 0.6854166666666667 0.0453125 0.058333333333333334
28 0.37890625 0.6739583333333333 0.0390625 0.09375
51 0.4171875 0.6770833333333334 0.0375 0.075
36 0.4640625 0.6770833333333334 0.046875 0.07083333333333333
28 0.52265625 0.6572916666666667 0.0453125 0.08125
55 0.55859375 0.6572916666666667 0.0296875 0.08125
36 0.590625 0.6552083333333333 0.04375 0.07708333333333334
55 0.62578125 0.6510416666666666 0.0328125 0.08125
44 0.65 0.6489583333333333 0.01875 0.08125
50 0.67890625 0.6510416666666666 0.0421875 0.052083333333333336
49 0.725 0.6541666666666667 0.05 0.058333333333333334
44 0.84921875 0.6375 0.0171875 0.07083333333333333
