11 0.17265625 0.5270833333333333 0.0765625 0.12916666666666668
24 0.2484375 0.5239583333333333 0.078125 0.14375
24 0.325 0.521875 0.071875 0.13541666666666666
20 0.4 0.5229166666666667 0.078125 0.13333333333333333
12 0.4875 0.5166666666666667 0.075 0.125
14 0.55546875 0.51875 0.0671875 0.13333333333333333
23 0.63125 0.5229166666666667 0.071875 0.14166666666666666
29 0.69765625 0.5145833333333333 0.0640625 0.13333333333333333
14 0.759375 0.5145833333333333 0.0625 0.12916666666666668
27 0.828125 0.51875 0.071875 0.1375
13 0.17421875 0.346875 0.0859375 0.13125
10 0.253125 0.34791666666666665 0.078125 0.13333333333333333
14 0.3203125 0.35 0.065625 0.1375
17 0.384375 0.34791666666666665 0.065625 0.1375
24 0.45234375 0.34479166666666666 0.0765625 0.12291666666666666
24 0.5296875 0.34375 0.075 0.12083333333333333
23 0.6109375 0.3385416666666667 0.08125 0.11875
