28 0.2078125 0.43125 0.146875 0.23333333333333334
50 0.41015625 0.45625 0.1453125 0.17916666666666667
56 0.60703125 0.4510416666666667 0.1578125 0.18125
47 0.7734375 0.40729166666666666 0.096875 0.23958333333333334
18 0.0921875 0.61875 0.05 0.09583333333333334
49 0.1421875 0.6145833333333334 0.046875 0.07916666666666666
48 0.2171875 0.6135416666666667 0.053125 0.09375
60 0.2640625 0.6208333333333333 0.040625 0.12083333333333333
54 0.33671875 0.6052083333333333 0.0421875 0.07708333333333334
50 0.37734375 0.609375 0.0421875 0.10208333333333333
56 0.415625 0.6041666666666666 0.040625 0.09166666666666666
47 0.45546875 0.596875 0.0390625 0.08125
50 0.53046875 0.60625 0.0484375 0.07083333333333333
41 0.5734375 0.596875 0.040625 0.09791666666666667
54 0.6421875 0.5989583333333334 0.05 0.07708333333333334
50 0.6859375 0.5947916666666667 0.040625 0.06875
56 0.72578125 0.59375 0.0390625 0.07083333333333333
47 0.7640625 0.5875 0.034375 0.1
54 0.803125 0.59375 0.04375 0.07916666666666666
8 0.1046875 0.8697916666666666 0.053125 0.12291666666666666
6 0.18125 0.8572916666666667 0.040625 0.11875
1 0.24375 0.8552083333333333 0.040625 0.10625
6 0.3125 0.85 0.046875 0.1125
7 0.37734375 0.8479166666666667 0.0484375 0.10833333333333334
8 0.44609375 0.8416666666666667 0.0640625 0.10833333333333334
7 0.51796875 0.8375 0.0640625 0.11666666666666667
