20 0.0421875 0.8145833333333333 0.0375 0.0625
11 0.07109375 0.8125 0.0265625 0.058333333333333334
28 0.096875 0.8135416666666667 0.025 0.06458333333333334
22 0.128125 0.8125 0.0375 0.05416666666666667
11 0.1546875 0.8104166666666667 0.028125 0.058333333333333334
12 0.18203125 0.8114583333333333 0.0265625 0.05625
28 0.21015625 0.8052083333333333 0.0359375 0.05625
11 0.23828125 0.809375 0.0265625 0.06041666666666667
28 0.2671875 0.8072916666666666 0.028125 0.06041666666666667
29 0.40390625 0.8020833333333334 0.0390625 0.06666666666666667
14 0.43828125 0.8020833333333334 0.0359375 0.075
21 0.471875 0.8010416666666667 0.034375 0.07708333333333334
8 0.5328125 0.7979166666666667 0.0375 0.058333333333333334
2 0.5640625 0.8020833333333334 0.021875 0.075
4 0.59453125 0.8 0.0234375 0.06666666666666667
7 0.653125 0.796875 0.0375 0.06458333333333334
8 0.68984375 0.7916666666666666 0.0296875 0.07083333333333333
9 0.71953125 0.7885416666666667 0.0296875 0.06458333333333334
5 0.75703125 0.790625 0.0421875 0.06875
