22 0.165625 0.4864583333333333 0.08125 0.11041666666666666
36 0.2234375 0.49583333333333335 0.03125 0.06666666666666667
49 0.26328125 0.5 0.0453125 0.07083333333333333
55 0.29921875 0.4947916666666667 0.0265625 0.07291666666666667
28 0.365625 0.48541666666666666 0.0375 0.125
36 0.39921875 0.4947916666666667 0.0359375 0.08125
44 0.4328125 0.49375 0.03125 0.10833333333333334
49 0.46796875 0.5 0.0421875 0.0875
55 0.503125 0.4947916666666667 0.028125 0.08541666666666667
22 0.5765625 0.4864583333333333 0.078125 0.11458333333333333
44 0.6296875 0.4947916666666667 0.03125 0.10208333333333333
38 0.65859375 0.5 0.0328125 0.07916666666666666
43 0.6921875 0.4864583333333333 0.03125 0.12708333333333333
40 0.72265625 0.4947916666666667 0.0359375 0.08125
47 0.75703125 0.4739583333333333 0.0296875 0.12291666666666666
