12 0.05234375 0.7177083333333333 0.0953125 0.19791666666666666
36 0.13515625 0.728125 0.0765625 0.16041666666666668
47 0.19921875 0.725 0.0484375 0.175
47 0.24453125 0.7229166666666667 0.0515625 0.18333333333333332
41 0.3296875 0.728125 0.065625 0.20208333333333334
50 0.4015625 0.7395833333333334 0.0875 0.15416666666666667
53 0.478125 0.7385416666666667 0.065625 0.16041666666666668
51 0.60390625 0.73125 0.0953125 0.19583333333333333
36 0.68984375 0.7447916666666666 0.0765625 0.16041666666666668
51 0.7671875 0.75 0.084375 0.16666666666666666
40 0.85078125 0.746875 0.0796875 0.16875
53 0.921875 0.7447916666666666 0.0625 0.17708333333333334
