38 0.36875 0.8697916666666666 0.059375 0.16041666666666668
50 0.4265625 0.8625 0.0625 0.14166666666666666
41 0.47734375 0.8427083333333333 0.0453125 0.19791666666666666
41 0.52421875 0.840625 0.0484375 0.20625
40 0.57421875 0.8666666666666667 0.0453125 0.15416666666666667
40 0.628125 0.8635416666666667 0.059375 0.14791666666666667
51 0.36953125 0.153125 0.0890625 0.22708333333333333
44 0.4328125 0.11875 0.040625 0.2125
61 0.48671875 0.14895833333333333 0.0671875 0.16875
61 0.5546875 0.14895833333333333 0.06875 0.18125
36 0.62421875 0.15729166666666666 0.0734375 0.20208333333333334
58 0.38203125 0.5010416666666667 0.1328125 0.21041666666666667
44 0.47421875 0.47291666666666665 0.0484375 0.26666666666666666
49 0.55 0.509375 0.1 0.20625
40 0.6375 0.503125 0.071875 0.19791666666666666
