12 0.0921875 0.30416666666666664 0.059375 0.0875
43 0.13671875 0.3072916666666667 0.0328125 0.08958333333333333
44 0.16171875 0.309375 0.0109375 0.08958333333333333
38 0.184375 0.31145833333333334 0.034375 0.07291666666666667
46 0.215625 0.30833333333333335 0.025 0.1125
40 0.24609375 0.3072916666666667 0.0359375 0.07708333333333334
49 0.28515625 0.309375 0.0421875 0.07291666666666667
13 0.05078125 0.22604166666666667 0.0640625 0.08958333333333333
50 0.10234375 0.23645833333333333 0.0328125 0.06458333333333334
49 0.13984375 0.23333333333333334 0.0359375 0.05416666666666667
46 0.17578125 0.221875 0.0296875 0.08125
60 0.2125 0.23541666666666666 0.0375 0.08333333333333333
2 0.659375 0.35833333333333334 0.025 0.058333333333333334
4 0.4984375 0.35625 0.0375 0.05416666666666667
8 0.53125 0.3541666666666667 0.025 0.05
6 0.56015625 0.35208333333333336 0.0265625 0.041666666666666664
7 0.60625 0.346875 0.01875 0.04791666666666667
8 0.63359375 0.35104166666666664 0.0265625 0.04375
3 0.6921875 0.35 0.034375 0.058333333333333334
