17 0.33984375 0.36875 0.0421875 0.07083333333333333
25 0.39296875 0.371875 0.0390625 0.07291666666666667
0 0.4484375 0.3697916666666667 0.034375 0.07708333333333334
1 0.4765625 0.36666666666666664 0.01875 0.07083333333333333
0 0.50546875 0.37083333333333335 0.0359375 0.075
3 0.565625 0.36770833333333336 0.034375 0.07708333333333334
9 0.59765625 0.36770833333333336 0.0328125 0.07708333333333334
2 0.628125 0.36770833333333336 0.028125 0.07291666666666667
3 0.68828125 0.3645833333333333 0.0328125 0.07916666666666666
0 0.71796875 0.3625 0.0296875 0.0875
5 0.75078125 0.36041666666666666 0.0265625 0.075
8 0.7828125 0.36770833333333336 0.034375 0.08958333333333333
