29 0.17109375 0.7479166666666667 0.0890625 0.18333333333333332
40 0.25234375 0.76875 0.0671875 0.12916666666666668
47 0.30859375 0.7427083333333333 0.0453125 0.18125
8 0.4078125 0.7416666666666667 0.071875 0.17083333333333334
6 0.4875 0.7375 0.08125 0.19583333333333333
2 0.56796875 0.7385416666666667 0.0796875 0.19375
1 0.71171875 0.7270833333333333 0.0609375 0.175
2 0.77890625 0.73125 0.0828125 0.15833333333333333
1 0.84609375 0.7302083333333333 0.0515625 0.15625
1 0.90234375 0.7354166666666667 0.0578125 0.16666666666666666
12 0.18984375 0.5375 0.1265625 0.175
47 0.26875 0.54375 0.028125 0.19583333333333333
44 0.29609375 0.5416666666666666 0.0265625 0.2
49 0.35 0.5583333333333333 0.078125 0.15416666666666667
44 0.40390625 0.54375 0.0296875 0.17916666666666667
38 0.47265625 0.5489583333333333 0.1046875 0.16458333333333333
24 0.184375 0.353125 0.13125 0.17291666666666666
53 0.27265625 0.36041666666666666 0.0515625 0.15
44 0.31171875 0.3645833333333333 0.0265625 0.1625
40 0.36484375 0.3697916666666667 0.0796875 0.13958333333333334
49 0.44453125 0.36666666666666664 0.0796875 0.1375
55 0.5125 0.3489583333333333 0.05625 0.17708333333333334
36 0.58828125 0.365625 0.0890625 0.15208333333333332
47 0.65234375 0.34375 0.0359375 0.1875
28 0.16640625 0.178125 0.0828125 0.17291666666666666
56 0.253125 0.2 0.084375 0.15833333333333333
46 0.35078125 0.18229166666666666 0.0984375 0.20208333333333334
58 0.45703125 0.19166666666666668 0.1140625 0.15
36 0.55625 0.19270833333333334 0.0875 0.13958333333333334
49 0.6390625 0.19583333333333333 0.08125 0.13333333333333333
42 0.7296875 0.21666666666666667 0.10625 0.17916666666666667
