10 0.28828125 0.21041666666666667 0.1890625 0.24583333333333332
38 0.41953125 0.2375 0.0734375 0.12916666666666668
55 0.48828125 0.2125 0.0578125 0.14583333333333334
44 0.53125 0.20833333333333334 0.03125 0.1625
57 0.58125 0.22291666666666668 0.065625 0.13333333333333333
44 0.63203125 0.21041666666666667 0.0328125 0.15
55 0.6796875 0.21875 0.0625 0.14166666666666666
44 0.7265625 0.215625 0.0375 0.16875
40 0.78984375 0.24583333333333332 0.0890625 0.12083333333333333
54 0.87265625 0.23958333333333334 0.0765625 0.12916666666666668
