29 0.16640625 0.54375 0.0453125 0.08333333333333333
8 0.2328125 0.5416666666666666 0.0375 0.0875
2 0.26953125 0.5395833333333333 0.0390625 0.07916666666666666
2 0.30546875 0.5395833333333333 0.0359375 0.08333333333333333
6 0.3765625 0.5385416666666667 0.034375 0.08541666666666667
3 0.4140625 0.5416666666666666 0.0375 0.08333333333333333
7 0.44765625 0.5375 0.0296875 0.07916666666666666
0 0.484375 0.5375 0.04375 0.0875
15 0.59140625 0.5427083333333333 0.0484375 0.07708333333333334
4 0.65625 0.546875 0.0375 0.07291666666666667
8 0.6921875 0.5458333333333333 0.034375 0.07083333333333333
4 0.725 0.540625 0.034375 0.06875
6 0.790625 0.5395833333333333 0.034375 0.06666666666666667
7 0.82109375 0.54375 0.0265625 0.07083333333333333
1 0.84609375 0.5395833333333333 0.0203125 0.07083333333333333
0 0.8765625 0.540625 0.04375 0.08125
