19 0.09375 0.55625 0.115625 0.2125
36 0.20546875 0.5645833333333333 0.1140625 0.19166666666666668
49 0.32265625 0.5614583333333333 0.1140625 0.17291666666666666
40 0.43515625 0.5604166666666667 0.1234375 0.16666666666666666
14 0.61171875 0.5541666666666667 0.1234375 0.19166666666666668
60 0.71484375 0.5802083333333333 0.0921875 0.19791666666666666
53 0.80234375 0.5625 0.0828125 0.1625
40 0.90390625 0.5645833333333333 0.1234375 0.18333333333333332
12 0.11875 0.7979166666666667 0.075 0.12916666666666668
17 0.1875 0.796875 0.0625 0.11875
10 0.24296875 0.7989583333333333 0.0484375 0.12291666666666666
27 0.29765625 0.7947916666666667 0.0578125 0.12291666666666666
21 0.35 0.7916666666666666 0.046875 0.12083333333333333
24 0.403125 0.7947916666666667 0.059375 0.12291666666666666
29 0.45703125 0.784375 0.0453125 0.12708333333333333
29 0.5 0.7833333333333333 0.04375 0.11666666666666667
14 0.54609375 0.790625 0.0578125 0.10625
11 0.628125 0.7822916666666667 0.0625 0.11875
27 0.6828125 0.7854166666666667 0.05625 0.14166666666666666
24 0.74140625 0.7885416666666667 0.0546875 0.11458333333333333
23 0.79453125 0.7885416666666667 0.0515625 0.10625
29 0.84296875 0.784375 0.0453125 0.11041666666666666
14 0.89140625 0.7875 0.0421875 0.11666666666666667
