16 0.17578125 0.5375 0.0578125 0.09583333333333334
50 0.221875 0.5479166666666667 0.0375 0.07916666666666666
55 0.26640625 0.54375 0.0296875 0.1
50 0.3 0.5520833333333334 0.034375 0.07916666666666666
55 0.33828125 0.5375 0.0359375 0.08333333333333333
43 0.37109375 0.5364583333333334 0.0328125 0.08541666666666667
40 0.40546875 0.54375 0.0390625 0.075
54 0.45546875 0.5385416666666667 0.0484375 0.09791666666666667
40 0.49609375 0.5479166666666667 0.0328125 0.075
38 0.53046875 0.54375 0.0359375 0.075
50 0.565625 0.5458333333333333 0.034375 0.075
49 0.59921875 0.5489583333333333 0.0328125 0.06875
39 0.63203125 0.5364583333333334 0.0421875 0.09791666666666667
15 0.6796875 0.5354166666666667 0.05 0.1
47 0.7109375 0.5322916666666667 0.015625 0.10625
50 0.7359375 0.5479166666666667 0.034375 0.07083333333333333
50 0.7703125 0.5479166666666667 0.040625 0.06666666666666667
53 0.80859375 0.5458333333333333 0.0390625 0.075
11 0.37578125 0.640625 0.0390625 0.09791666666666667
50 0.40859375 0.6541666666666667 0.0265625 0.07083333333333333
50 0.434375 0.65625 0.025 0.075
46 0.46015625 0.6458333333333334 0.0265625 0.09583333333333334
27 0.54140625 0.6489583333333333 0.0390625 0.09375
40 0.5734375 0.6541666666666667 0.028125 0.075
51 0.59921875 0.6614583333333334 0.0296875 0.09375
50 0.62890625 0.653125 0.0265625 0.09375
53 0.64921875 0.6479166666666667 0.0171875 0.09166666666666666
55 0.66875 0.6479166666666667 0.021875 0.09166666666666666
27 0.70078125 0.6489583333333333 0.0359375 0.09791666666666667
50 0.734375 0.6541666666666667 0.028125 0.075
50 0.75859375 0.65625 0.0296875 0.08333333333333333
48 0.79375 0.6479166666666667 0.040625 0.08333333333333333
