17 0.26640625 0.47604166666666664 0.0984375 0.21041666666666667
40 0.359375 0.496875 0.09375 0.16875
53 0.428125 0.5 0.05 0.17083333333333334
61 0.484375 0.496875 0.065625 0.15625
47 0.53671875 0.48541666666666666 0.0421875 0.1875
44 0.571875 0.48541666666666666 0.0375 0.19583333333333333
38 0.63203125 0.5041666666666667 0.0921875 0.18333333333333332
43 0.72734375 0.5020833333333333 0.0984375 0.19166666666666668
32 0.1234375 0.7677083333333333 0.134375 0.21458333333333332
44 0.20625 0.7635416666666667 0.0375 0.21041666666666667
47 0.24296875 0.7666666666666667 0.0421875 0.2125
47 0.28046875 0.7708333333333334 0.0359375 0.22916666666666666
46 0.33671875 0.7708333333333334 0.0890625 0.23333333333333334
50 0.42578125 0.7875 0.0953125 0.17916666666666667
48 0.53671875 0.79375 0.1328125 0.175
48 0.6703125 0.7989583333333333 0.128125 0.18125
40 0.784375 0.7927083333333333 0.109375 0.17708333333333334
49 0.88984375 0.7989583333333333 0.0921875 0.17291666666666666
