11 0.14921875 0.39166666666666666 0.0484375 0.0625
40 0.1890625 0.4041666666666667 0.025 0.04583333333333333
36 0.21953125 0.4041666666666667 0.0296875 0.041666666666666664
56 0.25078125 0.40520833333333334 0.0328125 0.052083333333333336
55 0.2796875 0.4010416666666667 0.025 0.04791666666666667
60 0.30625 0.41041666666666665 0.028125 0.05416666666666667
54 0.3375 0.40208333333333335 0.028125 0.058333333333333334
43 0.3671875 0.4 0.034375 0.07083333333333333
50 0.3984375 0.415625 0.028125 0.04791666666666667
51 0.43203125 0.41875 0.0359375 0.05416666666666667
4 0.53671875 0.4114583333333333 0.0359375 0.05625
8 0.59453125 0.41354166666666664 0.0359375 0.06041666666666667
7 0.646875 0.41041666666666665 0.040625 0.058333333333333334
5 0.70234375 0.41458333333333336 0.0359375 0.06666666666666667
3 0.7578125 0.41770833333333335 0.034375 0.06458333333333334
1 0.803125 0.421875 0.034375 0.04791666666666667
1 0.84296875 0.42083333333333334 0.0328125 0.05
