22 0.159375 0.6197916666666666 0.28125 0.33958333333333335
10 0.421875 0.6177083333333333 0.240625 0.34375
34 0.61328125 0.6177083333333333 0.2234375 0.31875
10 0.815625 0.6104166666666667 0.25 0.32083333333333336
54 0.1875 0.3645833333333333 0.05 0.07916666666666666
58 0.23828125 0.35625 0.0578125 0.07083333333333333
40 0.28359375 0.3625 0.0359375 0.07916666666666666
40 0.3203125 0.3541666666666667 0.034375 0.0625
55 0.3546875 0.3614583333333333 0.034375 0.07708333333333334
47 0.4546875 0.346875 0.01875 0.10208333333333333
50 0.4828125 0.36041666666666666 0.034375 0.075
57 0.5171875 0.35833333333333334 0.034375 0.07083333333333333
40 0.55078125 0.3572916666666667 0.0328125 0.06458333333333334
47 0.57734375 0.35104166666666664 0.0140625 0.08541666666666667
60 0.6046875 0.35625 0.040625 0.09583333333333334
38 0.6546875 0.3489583333333333 0.040625 0.08125
36 0.69453125 0.35 0.0359375 0.075
38 0.72734375 0.346875 0.0359375 0.07708333333333334
36 0.76484375 0.34270833333333334 0.0390625 0.07708333333333334
50 0.803125 0.34270833333333334 0.0375 0.08541666666666667
13 0.3640625 0.8822916666666667 0.040625 0.09791666666666667
28 0.4 0.8739583333333333 0.03125 0.08541666666666667
29 0.43671875 0.8697916666666666 0.0390625 0.08958333333333333
2 0.47890625 0.871875 0.0390625 0.08125
0 0.5171875 0.86875 0.034375 0.08333333333333333
0 0.5515625 0.871875 0.034375 0.08125
2 0.58671875 0.8729166666666667 0.0359375 0.0875
