48 0.2875 0.3385416666666667 0.253125 0.22291666666666668
36 0.50078125 0.37395833333333334 0.1609375 0.18541666666666667
53 0.628125 0.37916666666666665 0.090625 0.19166666666666668
55 0.728125 0.359375 0.1125 0.23958333333333334
29 0.7484375 0.540625 0.034375 0.07708333333333334
4 0.7875 0.5375 0.021875 0.06666666666666667
8 0.8125 0.540625 0.025 0.07291666666666667
8 0.840625 0.5416666666666666 0.021875 0.0625
2 0.87734375 0.5395833333333333 0.0234375 0.06666666666666667
0 0.9015625 0.5427083333333333 0.028125 0.06041666666666667
7 0.92421875 0.5447916666666667 0.0234375 0.05625
0 0.95390625 0.5458333333333333 0.0328125 0.058333333333333334
