17 0.2046875 0.40729166666666666 0.125 0.18541666666666667
18 0.2890625 0.409375 0.053125 0.19375
21 0.36015625 0.4010416666666667 0.0953125 0.19375
15 0.45234375 0.40520833333333334 0.0953125 0.18958333333333333
18 0.52109375 0.40729166666666666 0.0421875 0.18125
16 0.6 0.40208333333333335 0.11875 0.19166666666666668
14 0.70625 0.421875 0.09375 0.17708333333333334
27 0.80625 0.4197916666666667 0.1125 0.18125
13 0.48515625 0.5697916666666667 0.0953125 0.13958333333333334
14 0.57265625 0.5697916666666667 0.0765625 0.13958333333333334
23 0.65859375 0.5708333333333333 0.0953125 0.14166666666666666
18 0.72421875 0.5739583333333333 0.0359375 0.13125
22 0.796875 0.578125 0.1125 0.13958333333333334
