29 0.31328125 0.5072916666666667 0.0296875 0.04791666666666667
40 0.3375 0.515625 0.021875 0.04791666666666667
47 0.35625 0.5125 0.0125 0.04583333333333333
40 0.37109375 0.5145833333333333 0.0140625 0.03333333333333333
51 0.3890625 0.5197916666666667 0.01875 0.04791666666666667
43 0.40859375 0.5041666666666667 0.0203125 0.05416666666666667
50 0.42890625 0.5104166666666666 0.0265625 0.0375
49 0.45234375 0.5104166666666666 0.0203125 0.05416666666666667
40 0.47265625 0.5114583333333333 0.0203125 0.035416666666666666
4 0.521875 0.5125 0.034375 0.05416666666666667
7 0.5578125 0.5166666666666667 0.03125 0.05
2 0.58828125 0.525 0.0296875 0.06666666666666667
3 0.653125 0.5083333333333333 0.034375 0.07083333333333333
3 0.68828125 0.5114583333333333 0.0359375 0.06875
9 0.721875 0.5197916666666667 0.028125 0.06458333333333334
2 0.7546875 0.5125 0.034375 0.05416666666666667
20 0.09296875 0.24270833333333333 0.0359375 0.04791666666666667
24 0.11796875 0.24270833333333333 0.0140625 0.035416666666666666
27 0.1359375 0.23958333333333334 0.01875 0.05
14 0.15546875 0.24375 0.0171875 0.04583333333333333
10 0.17265625 0.24583333333333332 0.0171875 0.03333333333333333
23 0.1953125 0.24791666666666667 0.021875 0.04583333333333333
27 0.22421875 0.24375 0.0265625 0.05
14 0.24609375 0.246875 0.0171875 0.04375
28 0.2640625 0.24375 0.01875 0.04583333333333333
29 0.2828125 0.24479166666666666 0.01875 0.04791666666666667
10 0.3015625 0.24583333333333332 0.021875 0.04583333333333333
30 0.3234375 0.24791666666666667 0.01875 0.04583333333333333
27 0.3421875 0.24166666666666667 0.021875 0.0375
10 0.36328125 0.24583333333333332 0.0171875 0.041666666666666664
23 0.3828125 0.240625 0.01875 0.035416666666666666
29 0.4015625 0.2520833333333333 0.025 0.05
