28 0.3578125 0.484375 0.025 0.052083333333333336
14 0.38203125 0.4791666666666667 0.0234375 0.04583333333333333
23 0.409375 0.478125 0.03125 0.05625
28 0.4390625 0.4822916666666667 0.021875 0.052083333333333336
15 0.47265625 0.48333333333333334 0.0265625 0.05416666666666667
21 0.50078125 0.48333333333333334 0.0234375 0.05
24 0.52578125 0.4822916666666667 0.0265625 0.03958333333333333
32 0.559375 0.4822916666666667 0.03125 0.04375
14 0.59140625 0.4864583333333333 0.0296875 0.04791666666666667
27 0.625 0.48854166666666665 0.03125 0.052083333333333336
4 0.68125 0.48333333333333334 0.028125 0.058333333333333334
8 0.71875 0.48333333333333334 0.0375 0.05416666666666667
2 0.75234375 0.478125 0.0296875 0.05625
0 0.82109375 0.47708333333333336 0.0296875 0.05416666666666667
3 0.85703125 0.475 0.0359375 0.05416666666666667
4 0.890625 0.478125 0.034375 0.06875
5 0.9296875 0.478125 0.04375 0.05625
