12 0.32421875 0.290625 0.0796875 0.12708333333333333
36 0.38984375 0.2989583333333333 0.0453125 0.10208333333333333
41 0.4390625 0.275 0.0625 0.14583333333333334
40 0.49765625 0.30520833333333336 0.0546875 0.08125
18 0.3875 0.46875 0.059375 0.15
27 0.45546875 0.46041666666666664 0.0671875 0.12083333333333333
18 0.52265625 0.4583333333333333 0.0640625 0.1375
28 0.59921875 0.46770833333333334 0.0953125 0.13541666666666666
29 0.17421875 0.8989583333333333 0.0609375 0.11875
40 0.22109375 0.9083333333333333 0.0390625 0.0875
36 0.2609375 0.8989583333333333 0.040625 0.08125
54 0.3015625 0.9010416666666666 0.05 0.07708333333333334
13 0.43359375 0.875 0.0640625 0.12083333333333333
53 0.4828125 0.8833333333333333 0.040625 0.07916666666666666
44 0.51015625 0.8645833333333334 0.0203125 0.10833333333333334
49 0.54375 0.88125 0.05 0.08333333333333333
46 0.58671875 0.875 0.0453125 0.10833333333333334
54 0.62578125 0.875 0.0390625 0.1125
