1 0.05 0.084375 0.065625 0.15625
15 0.125 0.08541666666666667 0.078125 0.1625
12 0.7578125 0.29791666666666666 0.040625 0.07083333333333333
36 0.79296875 0.29791666666666666 0.0296875 0.07083333333333333
41 0.821875 0.2916666666666667 0.028125 0.09583333333333334
40 0.84921875 0.29583333333333334 0.0265625 0.05416666666666667
11 0.9421875 0.2864583333333333 0.03125 0.08125
36 0.97578125 0.2916666666666667 0.0265625 0.0625
11 0.065625 0.278125 0.084375 0.17291666666666666
1 0.1421875 0.27291666666666664 0.06875 0.15416666666666667
