25 0.49921875 0.5135416666666667 0.0546875 0.09791666666666667
10 0.5453125 0.4979166666666667 0.040625 0.1125
25 0.58984375 0.503125 0.0390625 0.11875
10 0.63359375 0.496875 0.0484375 0.13541666666666666
19 0.68515625 0.49270833333333336 0.0453125 0.13958333333333334
24 0.734375 0.4875 0.046875 0.13333333333333333
17 0.784375 0.490625 0.05 0.13958333333333334
23 0.83046875 0.490625 0.0359375 0.13125
28 0.86875 0.5114583333333333 0.040625 0.10208333333333333
1 0.0140625 0.5270833333333333 0.025 0.11666666666666667
5 0.053125 0.5302083333333333 0.053125 0.10625
7 0.10390625 0.5260416666666666 0.0515625 0.11041666666666666
7 0.153125 0.5229166666666667 0.05 0.11666666666666667
8 0.23984375 0.5166666666666667 0.0484375 0.1125
0 0.2890625 0.5229166666666667 0.05 0.11666666666666667
8 0.33828125 0.5166666666666667 0.0515625 0.10416666666666667
0 0.39140625 0.5177083333333333 0.0546875 0.11458333333333333
