55 0.52578125 0.15208333333333332 0.0703125 0.09583333333333334
43 0.71015625 0.13958333333333334 0.0640625 0.10833333333333334
40 0.878125 0.146875 0.059375 0.09375
41 0.52578125 0.26979166666666665 0.0359375 0.09375
44 0.55625 0.2708333333333333 0.025 0.08333333333333333
57 0.5875 0.2760416666666667 0.034375 0.07291666666666667
40 0.621875 0.2760416666666667 0.0375 0.06458333333333334
51 0.69453125 0.28125 0.0453125 0.075
40 0.73359375 0.27291666666666664 0.0296875 0.08333333333333333
50 0.76796875 0.2708333333333333 0.0390625 0.058333333333333334
51 0.80546875 0.278125 0.0359375 0.06875
47 0.8375 0.2635416666666667 0.028125 0.08541666666666667
40 0.87578125 0.271875 0.0515625 0.05625
60 0.53046875 0.40520833333333334 0.0484375 0.07708333333333334
50 0.58046875 0.403125 0.0484375 0.06041666666666667
56 0.63203125 0.4 0.0515625 0.06666666666666667
48 0.73671875 0.39791666666666664 0.0734375 0.075
40 0.7875 0.390625 0.028125 0.052083333333333336
40 0.828125 0.38958333333333334 0.0375 0.058333333333333334
55 0.865625 0.38645833333333335 0.03125 0.052083333333333336
44 0.5328125 0.5125 0.028125 0.0625
49 0.571875 0.5135416666666667 0.040625 0.05625
43 0.66015625 0.5010416666666667 0.0484375 0.08125
40 0.70234375 0.4979166666666667 0.0359375 0.06666666666666667
36 0.73828125 0.50625 0.0390625 0.0625
57 0.77734375 0.49895833333333334 0.0328125 0.04375
40 0.80546875 0.5 0.0390625 0.0625
49 0.85 0.5041666666666667 0.046875 0.07083333333333333
