23 0.17578125 0.73125 0.1015625 0.1625
40 0.25625 0.7572916666666667 0.059375 0.08125
58 0.31953125 0.7625 0.0703125 0.09166666666666666
54 0.38203125 0.7604166666666666 0.0546875 0.10416666666666667
23 0.571875 0.7583333333333333 0.115625 0.14583333333333334
50 0.6546875 0.7739583333333333 0.05625 0.09791666666666667
55 0.703125 0.76875 0.040625 0.1
44 0.73828125 0.7645833333333333 0.0296875 0.1
38 0.77734375 0.7739583333333333 0.0453125 0.09375
40 0.83046875 0.778125 0.0578125 0.10208333333333333
