28 0.3265625 0.453125 0.040625 0.06041666666666667
10 0.36328125 0.45 0.0328125 0.058333333333333334
23 0.39765625 0.45416666666666666 0.0359375 0.06666666666666667
16 0.4328125 0.44375 0.0375 0.0625
17 0.4796875 0.453125 0.040625 0.07708333333333334
18 0.51171875 0.44583333333333336 0.0265625 0.0625
18 0.54140625 0.4479166666666667 0.0234375 0.07083333333333333
23 0.57109375 0.446875 0.0390625 0.07291666666666667
29 0.60390625 0.45 0.0265625 0.07916666666666666
14 0.628125 0.4479166666666667 0.03125 0.07083333333333333
27 0.66015625 0.45 0.0296875 0.07083333333333333
18 0.68203125 0.44479166666666664 0.0140625 0.06875
24 0.70703125 0.44583333333333336 0.0359375 0.06666666666666667
27 0.74296875 0.4510416666666667 0.0421875 0.07291666666666667
