18 0.42265625 0.22395833333333334 0.0703125 0.14791666666666667
55 0.48515625 0.23020833333333332 0.0578125 0.12291666666666666
54 0.56171875 0.240625 0.0578125 0.15625
13 0.64453125 0.23541666666666666 0.0578125 0.12916666666666668
36 0.69765625 0.23020833333333332 0.0453125 0.11458333333333333
40 0.74296875 0.225 0.0515625 0.09583333333333334
45 0.7875 0.23125 0.053125 0.1625
40 0.83671875 0.22708333333333333 0.0453125 0.1
50 0.875 0.22291666666666668 0.034375 0.10416666666666667
49 0.92265625 0.23541666666666666 0.0546875 0.09583333333333334
