17 0.39609375 0.403125 0.0390625 0.06875
34 0.4296875 0.40208333333333335 0.028125 0.075
10 0.46328125 0.40520833333333334 0.0296875 0.05625
23 0.49609375 0.4041666666666667 0.0296875 0.058333333333333334
16 0.52890625 0.403125 0.0390625 0.06458333333333334
17 0.58515625 0.39895833333333336 0.0390625 0.04791666666666667
10 0.61875 0.4 0.0375 0.058333333333333334
18 0.64296875 0.39791666666666664 0.0171875 0.05416666666666667
27 0.6703125 0.403125 0.034375 0.06458333333333334
12 0.715625 0.39375 0.046875 0.06666666666666667
14 0.75234375 0.39375 0.0296875 0.07916666666666666
27 0.78046875 0.3958333333333333 0.0265625 0.075
12 0.8125 0.39375 0.034375 0.058333333333333334
14 0.8421875 0.39791666666666664 0.028125 0.06666666666666667
27 0.878125 0.39479166666666665 0.040625 0.052083333333333336
29 0.39296875 0.490625 0.0328125 0.06875
14 0.42109375 0.4875 0.0265625 0.06666666666666667
21 0.44609375 0.4895833333333333 0.0203125 0.058333333333333334
4 0.4921875 0.4895833333333333 0.025 0.05416666666666667
4 0.53671875 0.484375 0.0234375 0.06458333333333334
8 0.515625 0.4864583333333333 0.021875 0.052083333333333336
5 0.57265625 0.48333333333333334 0.0265625 0.058333333333333334
0 0.59375 0.48333333333333334 0.01875 0.05
2 0.6125 0.47708333333333336 0.01875 0.058333333333333334
2 0.63828125 0.48020833333333335 0.0328125 0.05625
