20 0.1515625 0.2760416666666667 0.071875 0.11041666666666666
50 0.2109375 0.28125 0.05 0.0875
53 0.25390625 0.28125 0.0421875 0.1
40 0.29921875 0.27395833333333336 0.0515625 0.09791666666666667
36 0.3515625 0.2875 0.05 0.09166666666666666
49 0.40390625 0.2760416666666667 0.0546875 0.08125
22 0.490625 0.26458333333333334 0.08125 0.10833333333333334
36 0.55546875 0.271875 0.0515625 0.08541666666666667
54 0.60546875 0.275 0.0453125 0.09166666666666666
46 0.6546875 0.27395833333333336 0.05 0.09375
13 0.7390625 0.2677083333333333 0.0625 0.09791666666666667
36 0.796875 0.2791666666666667 0.046875 0.08333333333333333
49 0.8484375 0.275 0.059375 0.09166666666666666
38 0.9 0.278125 0.040625 0.09791666666666667
40 0.9453125 0.2760416666666667 0.05 0.08958333333333333
