25 0.0703125 0.32395833333333335 0.04375 0.08541666666666667
36 0.10625 0.325 0.034375 0.07916666666666666
53 0.1359375 0.32916666666666666 0.03125 0.07916666666666666
55 0.16640625 0.31875 0.0296875 0.08333333333333333
60 0.20234375 0.3385416666666667 0.0390625 0.08541666666666667
29 0.38984375 0.309375 0.0421875 0.09375
40 0.43125 0.32395833333333335 0.0375 0.06875
47 0.46484375 0.3177083333333333 0.0265625 0.10208333333333333
8 0.54453125 0.3125 0.0421875 0.09166666666666666
6 0.58671875 0.31145833333333334 0.0453125 0.08958333333333333
1 0.628125 0.31354166666666666 0.034375 0.09791666666666667
1 0.696875 0.31666666666666665 0.03125 0.0875
4 0.7375 0.31145833333333334 0.046875 0.08541666666666667
0 0.78046875 0.3104166666666667 0.0390625 0.09583333333333334
8 0.8234375 0.3104166666666667 0.04375 0.0875
