25 0.38671875 0.315625 0.0953125 0.18541666666666667
40 0.46328125 0.3489583333333333 0.0546875 0.10625
53 0.515625 0.3416666666666667 0.053125 0.10833333333333334
44 0.559375 0.31979166666666664 0.0375 0.15208333333333332
50 0.61328125 0.33541666666666664 0.0734375 0.11666666666666667
39 0.684375 0.31354166666666666 0.08125 0.15625
44 0.74375 0.31875 0.0375 0.15416666666666667
38 0.79140625 0.35104166666666664 0.0578125 0.08541666666666667
36 0.8484375 0.34270833333333334 0.065625 0.11041666666666666
47 0.89375 0.31979166666666664 0.04375 0.15625
54 0.94453125 0.33541666666666664 0.0578125 0.1375
11 0.478125 0.46979166666666666 0.0625 0.10625
36 0.5296875 0.4864583333333333 0.04375 0.09791666666666667
38 0.5734375 0.48854166666666665 0.04375 0.09791666666666667
46 0.61953125 0.4822916666666667 0.0453125 0.11041666666666666
44 0.67109375 0.4739583333333333 0.0296875 0.11458333333333333
54 0.7046875 0.48333333333333334 0.0375 0.09583333333333334
54 0.7375 0.48333333333333334 0.0375 0.10416666666666667
56 0.78515625 0.48125 0.0578125 0.1125
40 0.83671875 0.490625 0.0484375 0.08125
