12 0.1734375 0.4979166666666667 0.08125 0.1625
36 0.24765625 0.5072916666666667 0.0640625 0.13958333333333334
47 0.29921875 0.503125 0.0390625 0.16458333333333333
47 0.34140625 0.50625 0.0453125 0.175
41 0.41171875 0.5052083333333334 0.0609375 0.17708333333333334
50 0.47734375 0.5104166666666666 0.0703125 0.1375
53 0.546875 0.5125 0.065625 0.14583333333333334
25 0.653125 0.49583333333333335 0.090625 0.16666666666666666
36 0.73515625 0.5114583333333333 0.0703125 0.14375
51 0.80703125 0.5114583333333333 0.0703125 0.14375
40 0.878125 0.50625 0.071875 0.14166666666666666
53 0.94296875 0.5041666666666667 0.0640625 0.1375
