23 0.015625 0.19583333333333333 0.03125 0.05
18 0.00625 0.2375 0.009375 0.0375
28 0.02265625 0.24166666666666667 0.0234375 0.04583333333333333
29 0.04609375 0.24479166666666666 0.0234375 0.06041666666666667
14 0.06875 0.23958333333333334 0.025 0.0375
23 0.09609375 0.240625 0.0265625 0.03958333333333333
18 0.11328125 0.240625 0.0140625 0.04791666666666667
23 0.13671875 0.240625 0.0296875 0.052083333333333336
16 0.17265625 0.23541666666666666 0.0359375 0.041666666666666664
29 0.040625 0.19375 0.015625 0.05
14 0.0609375 0.19583333333333333 0.028125 0.05
23 0.090625 0.19895833333333332 0.03125 0.04375
28 0.11640625 0.19895833333333332 0.0203125 0.052083333333333336
18 0.1328125 0.2 0.0125 0.05
31 0.15234375 0.19479166666666667 0.0265625 0.04791666666666667
14 0.17890625 0.19791666666666666 0.0265625 0.05
14 0.6390625 0.6520833333333333 0.05625 0.1125
49 0.69453125 0.6677083333333333 0.0515625 0.07291666666666667
42 0.74921875 0.68125 0.0609375 0.09583333333333334
47 0.79140625 0.6541666666666667 0.0234375 0.11666666666666667
44 0.81875 0.6552083333333333 0.028125 0.11875
54 0.85078125 0.6614583333333334 0.0359375 0.10625
43 0.896875 0.6510416666666666 0.053125 0.11458333333333333
21 0.1265625 0.4875 0.075 0.24583333333333332
10 0.21875 0.475 0.10625 0.24583333333333332
23 0.334375 0.475 0.1125 0.25833333333333336
13 0.43984375 0.48125 0.0953125 0.24166666666666667
22 0.55546875 0.47708333333333336 0.1359375 0.23333333333333334
10 0.68046875 0.4666666666666667 0.1140625 0.22916666666666666
27 0.78046875 0.4708333333333333 0.0703125 0.2375
29 0.87890625 0.4635416666666667 0.1234375 0.20625
