29 0.540625 0.515625 0.040625 0.06041666666666667
4 0.6046875 0.5166666666666667 0.0375 0.041666666666666664
8 0.63515625 0.5166666666666667 0.0234375 0.05
5 0.66015625 0.5177083333333333 0.0234375 0.04791666666666667
8 0.71015625 0.5145833333333333 0.0265625 0.04583333333333333
0 0.7390625 0.5145833333333333 0.03125 0.041666666666666664
8 0.765625 0.5145833333333333 0.025 0.05416666666666667
9 0.79765625 0.515625 0.0328125 0.04791666666666667
2 0.878125 0.5135416666666667 0.04375 0.052083333333333336
15 0.91796875 0.515625 0.0359375 0.07291666666666667
