28 0.29921875 0.5354166666666667 0.1078125 0.21666666666666667
18 0.3921875 0.5270833333333333 0.065625 0.225
13 0.490625 0.5020833333333333 0.121875 0.20833333333333334
28 0.27265625 0.703125 0.0390625 0.07708333333333334
18 0.3015625 0.7 0.01875 0.075
13 0.328125 0.6979166666666666 0.0375 0.075
29 0.37421875 0.6822916666666666 0.0359375 0.06458333333333334
40 0.4046875 0.6958333333333333 0.028125 0.075
38 0.43515625 0.6895833333333333 0.0265625 0.07083333333333333
43 0.465625 0.6822916666666666 0.03125 0.08958333333333333
12 0.51328125 0.6739583333333333 0.0421875 0.09375
50 0.553125 0.6729166666666667 0.034375 0.08333333333333333
21 0.63046875 0.6604166666666667 0.0453125 0.0875
55 0.6640625 0.6552083333333333 0.028125 0.09375
39 0.7 0.653125 0.04375 0.09375
