15 0.1484375 0.22708333333333333 0.0875 0.1375
27 0.2296875 0.23125 0.078125 0.14583333333333334
14 0.3015625 0.23854166666666668 0.06875 0.12708333333333333
28 0.3703125 0.2375 0.065625 0.12916666666666668
17 0.4453125 0.23958333333333334 0.08125 0.13333333333333333
11 0.56015625 0.25 0.0703125 0.125
10 0.625 0.25104166666666666 0.0625 0.13541666666666666
20 0.69453125 0.25416666666666665 0.0734375 0.15
14 0.76796875 0.25625 0.0734375 0.12916666666666668
27 0.83984375 0.25729166666666664 0.0734375 0.14791666666666667
34 0.91171875 0.2791666666666667 0.0765625 0.15416666666666667
