2 0.38828125 0.07708333333333334 0.0734375 0.11666666666666667
0 0.4578125 0.07395833333333333 0.06875 0.11041666666666666
0 0.53125 0.075 0.065625 0.10416666666666667
8 0.59765625 0.08333333333333333 0.0578125 0.12083333333333333
37 0.30546875 0.20208333333333334 0.0671875 0.14583333333333334
40 0.365625 0.21875 0.05 0.09166666666666666
36 0.4140625 0.22604166666666667 0.04375 0.10625
56 0.4625 0.23020833333333332 0.05 0.09375
45 0.50234375 0.228125 0.0296875 0.13958333333333334
50 0.5390625 0.228125 0.04375 0.11041666666666666
47 0.571875 0.21458333333333332 0.025 0.1375
36 0.60859375 0.228125 0.0453125 0.11041666666666666
44 0.64765625 0.22291666666666668 0.0203125 0.12083333333333333
54 0.68203125 0.23645833333333333 0.0578125 0.12708333333333333
49 0.3359375 0.33958333333333335 0.0625 0.09583333333333334
50 0.390625 0.33958333333333335 0.053125 0.09583333333333334
56 0.44296875 0.33958333333333335 0.0578125 0.10833333333333334
57 0.49609375 0.3416666666666667 0.0515625 0.09166666666666666
40 0.54453125 0.35208333333333336 0.0453125 0.09166666666666666
39 0.59296875 0.353125 0.0515625 0.09791666666666667
56 0.65078125 0.3489583333333333 0.0578125 0.08958333333333333
