58 0.1765625 0.43125 0.06875 0.0875
58 0.24140625 0.43333333333333335 0.0734375 0.0875
58 0.30703125 0.43020833333333336 0.0640625 0.08958333333333333
38 0.38671875 0.4166666666666667 0.0546875 0.1125
43 0.446875 0.4041666666666667 0.0625 0.14583333333333334
50 0.50703125 0.41770833333333335 0.0609375 0.11875
49 0.56640625 0.41458333333333336 0.0546875 0.10833333333333334
42 0.61953125 0.44166666666666665 0.0515625 0.15
42 0.671875 0.396875 0.05625 0.14791666666666667
36 0.72421875 0.41354166666666664 0.0546875 0.10625
38 0.7875 0.42916666666666664 0.034375 0.07083333333333333
50 0.82421875 0.43020833333333336 0.0390625 0.06875
48 0.8734375 0.428125 0.065625 0.07708333333333334
