31 0.31796875 0.6583333333333333 0.0640625 0.12083333333333333
14 0.37578125 0.6697916666666667 0.0453125 0.11875
27 0.421875 0.665625 0.046875 0.11458333333333333
24 0.47265625 0.66875 0.0515625 0.125
14 0.54375 0.665625 0.059375 0.12291666666666666
54 0.5921875 0.6802083333333333 0.040625 0.09791666666666667
51 0.6359375 0.6958333333333333 0.040625 0.12083333333333333
53 0.671875 0.6760416666666667 0.034375 0.08958333333333333
40 0.70859375 0.690625 0.0390625 0.07708333333333334
54 0.7515625 0.690625 0.034375 0.08125
54 0.78515625 0.6864583333333333 0.0328125 0.07708333333333334
50 0.82421875 0.6927083333333334 0.0453125 0.09375
29 0.31484375 0.8614583333333333 0.0359375 0.06458333333333334
4 0.36953125 0.8625 0.0328125 0.075
7 0.40078125 0.8625 0.0359375 0.075
2 0.43515625 0.8614583333333333 0.0328125 0.06875
4 0.503125 0.8625 0.0375 0.0625
7 0.5375 0.865625 0.03125 0.06875
4 0.56953125 0.86875 0.0328125 0.07083333333333333
4 0.6046875 0.865625 0.034375 0.06458333333333334
