36 0.26875 0.684375 0.121875 0.16875
39 0.36796875 0.6645833333333333 0.1109375 0.21666666666666667
44 0.43984375 0.6645833333333333 0.0390625 0.22916666666666666
39 0.50625 0.6625 0.10625 0.22083333333333333
36 0.6046875 0.6666666666666666 0.103125 0.19166666666666668
54 0.7 0.6770833333333334 0.096875 0.15833333333333333
24 0.3140625 0.90625 0.053125 0.125
27 0.36328125 0.903125 0.0484375 0.13541666666666666
18 0.40078125 0.9083333333333333 0.0265625 0.11666666666666667
16 0.440625 0.9010416666666666 0.05 0.10625
18 0.4734375 0.9020833333333333 0.01875 0.1125
23 0.51328125 0.90625 0.0609375 0.1125
10 0.56328125 0.90625 0.0484375 0.10833333333333334
21 0.60703125 0.9114583333333334 0.0421875 0.11458333333333333
28 0.65078125 0.9104166666666667 0.0546875 0.11666666666666667
