12 0.1140625 0.453125 0.0625 0.11875
43 0.171875 0.45 0.053125 0.12083333333333333
56 0.2265625 0.459375 0.046875 0.09791666666666667
49 0.27421875 0.4552083333333333 0.0515625 0.10625
42 0.32734375 0.478125 0.0546875 0.12291666666666666
39 0.37890625 0.453125 0.0484375 0.11458333333333333
36 0.42578125 0.4625 0.0453125 0.09166666666666666
43 0.4765625 0.453125 0.05 0.10625
48 0.540625 0.46458333333333335 0.08125 0.09166666666666666
47 0.60546875 0.4510416666666667 0.0265625 0.11875
49 0.6453125 0.46145833333333336 0.053125 0.08958333333333333
54 0.69296875 0.4625 0.0421875 0.09166666666666666
55 0.73203125 0.459375 0.0359375 0.11875
44 0.76015625 0.4552083333333333 0.0203125 0.11875
55 0.79453125 0.46041666666666664 0.0390625 0.11666666666666667
56 0.8421875 0.4666666666666667 0.05 0.09166666666666666
55 0.88515625 0.4635416666666667 0.0390625 0.11041666666666666
40 0.9359375 0.47291666666666665 0.0625 0.09583333333333334
