21 0.09296875 0.7385416666666667 0.0734375 0.13541666666666666
24 0.16328125 0.7385416666666667 0.0640625 0.13958333333333334
29 0.2234375 0.734375 0.05 0.13958333333333334
29 0.27578125 0.728125 0.0578125 0.14375
14 0.34296875 0.7291666666666666 0.0765625 0.14166666666666666
44 0.4109375 0.71875 0.0625 0.16666666666666666
22 0.48515625 0.7125 0.0890625 0.14166666666666666
10 0.565625 0.709375 0.06875 0.12708333333333333
21 0.62578125 0.7166666666666667 0.0546875 0.1375
21 0.68203125 0.715625 0.0578125 0.12708333333333333
12 0.7671875 0.7083333333333334 0.075 0.11666666666666667
24 0.84140625 0.7052083333333333 0.0671875 0.11875
22 0.9140625 0.7 0.078125 0.12083333333333333
