19 0.18125 0.859375 0.040625 0.08541666666666667
50 0.2125 0.8635416666666667 0.021875 0.05625
50 0.2359375 0.8666666666666667 0.025 0.0625
49 0.26015625 0.8635416666666667 0.0265625 0.052083333333333336
42 0.2890625 0.871875 0.025 0.06875
10 0.31484375 0.859375 0.0296875 0.06875
49 0.34296875 0.865625 0.0234375 0.052083333333333336
42 0.3671875 0.8739583333333333 0.025 0.08125
18 0.3890625 0.8635416666666667 0.021875 0.05625
47 0.4078125 0.865625 0.009375 0.06458333333333334
37 0.4234375 0.8583333333333333 0.021875 0.05416666666666667
50 0.44765625 0.8583333333333333 0.0265625 0.05416666666666667
8 0.67890625 0.8614583333333333 0.0265625 0.06458333333333334
6 0.69921875 0.8604166666666667 0.0171875 0.0625
2 0.71953125 0.8635416666666667 0.0234375 0.06875
0 0.7578125 0.8614583333333333 0.021875 0.06458333333333334
6 0.7765625 0.8625 0.015625 0.06666666666666667
2 0.7953125 0.8645833333333334 0.021875 0.058333333333333334
1 0.815625 0.8625 0.01875 0.05416666666666667
