18 0.25 0.48541666666666666 0.075 0.2375
54 0.3171875 0.521875 0.059375 0.16458333333333333
36 0.38359375 0.5197916666666667 0.0703125 0.17291666666666666
36 0.45 0.534375 0.0625 0.17291666666666666
38 0.52578125 0.553125 0.0828125 0.16875
29 0.6484375 0.5489583333333333 0.075 0.13958333333333334
50 0.703125 0.5791666666666667 0.059375 0.10833333333333334
36 0.784375 0.5833333333333334 0.096875 0.10416666666666667
54 0.86484375 0.596875 0.0703125 0.10625
55 0.93359375 0.590625 0.0609375 0.13541666666666666
55 0.07890625 0.6645833333333333 0.0515625 0.07083333333333333
43 0.1265625 0.665625 0.040625 0.07708333333333334
40 0.17109375 0.6739583333333333 0.0484375 0.06458333333333334
43 0.24140625 0.678125 0.0453125 0.06875
36 0.28359375 0.678125 0.0390625 0.07708333333333334
51 0.321875 0.69375 0.03125 0.075
51 0.359375 0.6916666666666667 0.04375 0.0875
44 0.3984375 0.6833333333333333 0.034375 0.07916666666666666
49 0.43671875 0.6958333333333333 0.0421875 0.058333333333333334
40 0.478125 0.6979166666666666 0.0375 0.0625
54 0.515625 0.7 0.03125 0.05416666666666667
54 0.5546875 0.7010416666666667 0.040625 0.05625
55 0.62734375 0.709375 0.0421875 0.06875
50 0.66484375 0.7072916666666667 0.0328125 0.06458333333333334
42 0.6984375 0.71875 0.034375 0.07916666666666666
40 0.73515625 0.7125 0.0390625 0.07083333333333333
55 0.775 0.7135416666666666 0.034375 0.06458333333333334
43 0.81171875 0.7177083333333333 0.0390625 0.07708333333333334
40 0.85078125 0.7229166666666667 0.0390625 0.0625
53 0.8875 0.73125 0.034375 0.06666666666666667
