29 0.2734375 0.384375 0.18125 0.28125
18 0.41640625 0.36875 0.1140625 0.2708333333333333
21 0.56328125 0.37083333333333335 0.1796875 0.275
28 0.73671875 0.371875 0.1640625 0.27708333333333335
22 0.26171875 0.5947916666666667 0.0984375 0.13125
38 0.3390625 0.6041666666666666 0.05625 0.09166666666666666
16 0.4 0.5979166666666667 0.065625 0.1125
53 0.4546875 0.5979166666666667 0.04375 0.10833333333333334
36 0.50703125 0.6010416666666667 0.0578125 0.11458333333333333
58 0.5765625 0.59375 0.096875 0.10416666666666667
17 0.69140625 0.584375 0.0796875 0.11875
44 0.746875 0.5916666666666667 0.040625 0.125
47 0.78125 0.5958333333333333 0.03125 0.13333333333333333
47 0.8140625 0.6010416666666667 0.040625 0.14375
4 0.26328125 0.7260416666666667 0.0796875 0.14791666666666667
8 0.33359375 0.7260416666666667 0.0609375 0.13541666666666666
3 0.39453125 0.7260416666666667 0.0609375 0.13958333333333334
2 0.50546875 0.7291666666666666 0.0546875 0.14166666666666666
3 0.5625 0.7229166666666667 0.06875 0.13333333333333333
4 0.62578125 0.7239583333333334 0.0640625 0.13125
5 0.6921875 0.7333333333333333 0.075 0.15416666666666667
