32 0.17734375 0.103125 0.0921875 0.10208333333333333
43 0.2453125 0.090625 0.05 0.09375
44 0.28359375 0.09583333333333334 0.0265625 0.09583333333333334
54 0.31484375 0.103125 0.0390625 0.07291666666666667
46 0.3578125 0.10208333333333333 0.046875 0.0875
40 0.403125 0.10625 0.04375 0.06666666666666667
60 0.4515625 0.109375 0.05 0.08541666666666667
11 0.60390625 0.096875 0.0578125 0.08541666666666667
40 0.65234375 0.1 0.0421875 0.075
40 0.696875 0.10208333333333333 0.04375 0.08333333333333333
53 0.73828125 0.09895833333333333 0.0421875 0.08958333333333333
