57 0.38203125 0.15104166666666666 0.0921875 0.14375
40 0.47109375 0.15729166666666666 0.0828125 0.13125
53 0.546875 0.15416666666666667 0.065625 0.125
44 0.6015625 0.14583333333333334 0.04375 0.19166666666666668
55 0.65390625 0.14479166666666668 0.0578125 0.17708333333333334
36 0.73046875 0.159375 0.0890625 0.14791666666666667
54 0.81875 0.15833333333333333 0.08125 0.15
29 0.26328125 0.29375 0.0421875 0.08333333333333333
4 0.32421875 0.30104166666666665 0.0421875 0.06875
8 0.36484375 0.296875 0.0390625 0.06875
4 0.4046875 0.2947916666666667 0.0375 0.08541666666666667
7 0.47265625 0.29583333333333334 0.0359375 0.08333333333333333
5 0.50703125 0.2916666666666667 0.0328125 0.08333333333333333
0 0.54296875 0.28854166666666664 0.0390625 0.08125
5 0.57890625 0.3 0.0328125 0.07083333333333333
6 0.66796875 0.2947916666666667 0.0421875 0.07291666666666667
