13 0.14609375 0.4708333333333333 0.1265625 0.175
30 0.2609375 0.4791666666666667 0.1 0.2
23 0.3609375 0.48854166666666665 0.096875 0.17708333333333334
17 0.45546875 0.48854166666666665 0.0953125 0.16875
18 0.51875 0.49270833333333336 0.0375 0.16041666666666668
21 0.56953125 0.49895833333333334 0.0703125 0.17291666666666666
21 0.6375 0.5 0.065625 0.175
21 0.27109375 0.7114583333333333 0.0921875 0.12291666666666666
18 0.33203125 0.70625 0.0265625 0.10833333333333334
16 0.378125 0.7114583333333333 0.053125 0.11458333333333333
17 0.4328125 0.7020833333333333 0.05625 0.1
29 0.484375 0.7052083333333333 0.04375 0.09791666666666667
28 0.53671875 0.7072916666666667 0.0578125 0.11041666666666666
