17 0.08828125 0.9270833333333334 0.0859375 0.11666666666666667
1 0.15234375 0.925 0.0421875 0.11666666666666667
23 0.21484375 0.9322916666666666 0.0828125 0.11875
1 0.28046875 0.9333333333333333 0.0421875 0.12083333333333333
18 0.3578125 0.9385416666666667 0.028125 0.10625
49 0.403125 0.95 0.05625 0.0875
41 0.45078125 0.9354166666666667 0.0359375 0.1125
47 0.48046875 0.9385416666666667 0.0234375 0.10625
56 0.52578125 0.9479166666666666 0.0578125 0.0875
40 0.5890625 0.946875 0.0625 0.08958333333333333
49 0.65078125 0.9458333333333333 0.0609375 0.07916666666666666
61 0.709375 0.9458333333333333 0.05625 0.09583333333333334
36 0.76875 0.9447916666666667 0.0625 0.08958333333333333
18 0.04140625 0.80625 0.0234375 0.07083333333333333
49 0.0671875 0.8125 0.025 0.05416666666666667
41 0.0875 0.80625 0.0125 0.0625
50 0.1078125 0.8145833333333333 0.03125 0.058333333333333334
53 0.13203125 0.8104166666666667 0.0171875 0.0625
48 0.16484375 0.8177083333333334 0.0390625 0.052083333333333336
36 0.1984375 0.825 0.028125 0.07083333333333333
55 0.21953125 0.8208333333333333 0.0109375 0.0625
44 0.2328125 0.8229166666666666 0.0125 0.058333333333333334
50 0.2546875 0.828125 0.028125 0.04791666666666667
49 0.2859375 0.828125 0.034375 0.05625
27 0.3328125 0.81875 0.040625 0.07916666666666666
40 0.3703125 0.8322916666666667 0.025 0.05625
42 0.39921875 0.8385416666666666 0.0296875 0.06041666666666667
36 0.43046875 0.83125 0.0265625 0.058333333333333334
53 0.45234375 0.8270833333333333 0.0140625 0.05416666666666667
39 0.4765625 0.8260416666666667 0.03125 0.06458333333333334
44 0.49765625 0.821875 0.0109375 0.06458333333333334
49 0.51796875 0.83125 0.0265625 0.05
42 0.55 0.8375 0.03125 0.06666666666666667
22 0.6046875 0.8229166666666666 0.040625 0.075
40 0.63984375 0.83125 0.0234375 0.05
36 0.6671875 0.828125 0.03125 0.04791666666666667
54 0.6953125 0.8270833333333333 0.025 0.058333333333333334
56 0.72265625 0.8270833333333333 0.0265625 0.05
53 0.746875 0.8260416666666667 0.015625 0.04375
40 0.76796875 0.821875 0.0234375 0.05625
54 0.7921875 0.8197916666666667 0.025 0.05625
10 0.8359375 0.815625 0.03125 0.06458333333333334
42 0.86796875 0.828125 0.0296875 0.06458333333333334
36 0.896875 0.8177083333333334 0.025 0.052083333333333336
44 0.915625 0.809375 0.0125 0.06875
49 0.93359375 0.8125 0.0203125 0.058333333333333334
54 0.95546875 0.8197916666666667 0.0234375 0.05625
55 0.978125 0.8135416666666667 0.015625 0.06041666666666667
