16 0.09453125 0.5270833333333333 0.1140625 0.15
53 0.18515625 0.5375 0.0671875 0.125
40 0.259375 0.540625 0.08125 0.11041666666666666
40 0.33984375 0.5395833333333333 0.0765625 0.10416666666666667
49 0.42265625 0.5427083333333333 0.0921875 0.11041666666666666
17 0.57890625 0.5291666666666667 0.0796875 0.1375
50 0.659375 0.5479166666666667 0.075 0.10416666666666667
56 0.7328125 0.5479166666666667 0.075 0.10416666666666667
54 0.80234375 0.55 0.0734375 0.1125
40 0.87734375 0.553125 0.0859375 0.12291666666666666
