50 0.45234375 0.23645833333333333 0.0546875 0.10208333333333333
53 0.49765625 0.23333333333333334 0.0328125 0.10416666666666667
42 0.5453125 0.25416666666666665 0.059375 0.13333333333333333
36 0.596875 0.23854166666666668 0.046875 0.10208333333333333
49 0.646875 0.23645833333333333 0.05625 0.09791666666666667
44 0.6890625 0.21875 0.028125 0.12083333333333333
38 0.72578125 0.24375 0.0515625 0.1
54 0.7890625 0.2375 0.0375 0.1
55 0.825 0.23333333333333334 0.028125 0.1125
50 0.86171875 0.23958333333333334 0.0359375 0.10416666666666667
53 0.8921875 0.23541666666666666 0.03125 0.10416666666666667
60 0.9359375 0.24583333333333332 0.046875 0.1375
12 0.5703125 0.4010416666666667 0.084375 0.11458333333333333
40 0.63515625 0.4114583333333333 0.0515625 0.09375
53 0.68359375 0.396875 0.0359375 0.10208333333333333
40 0.72890625 0.396875 0.0546875 0.09791666666666667
36 0.7765625 0.39791666666666664 0.040625 0.08333333333333333
47 0.8203125 0.39375 0.04375 0.10833333333333334
