22 0.16171875 0.25416666666666665 0.0984375 0.125
36 0.23828125 0.26458333333333334 0.0546875 0.09583333333333334
39 0.2953125 0.253125 0.059375 0.11041666666666666
40 0.353125 0.2708333333333333 0.05625 0.09166666666666666
44 0.41875 0.24791666666666667 0.034375 0.13333333333333333
49 0.46328125 0.26666666666666666 0.0640625 0.0875
16 0.553125 0.246875 0.08125 0.12291666666666666
40 0.6203125 0.2604166666666667 0.053125 0.09583333333333334
53 0.6703125 0.2552083333333333 0.0375 0.09375
48 0.72734375 0.2635416666666667 0.0765625 0.09791666666666667
36 0.79609375 0.2625 0.0546875 0.0875
49 0.853125 0.25833333333333336 0.05 0.08333333333333333
60 0.90859375 0.27708333333333335 0.0609375 0.12083333333333333
