25 0.1375 0.48333333333333334 0.0625 0.12083333333333333
17 0.19921875 0.4875 0.0515625 0.12083333333333333
10 0.2515625 0.4895833333333333 0.05 0.1
27 0.30546875 0.49270833333333336 0.0515625 0.10208333333333333
22 0.3625 0.4875 0.059375 0.1
10 0.41640625 0.4895833333333333 0.0484375 0.09583333333333334
12 0.46484375 0.49270833333333336 0.0515625 0.10208333333333333
18 0.503125 0.490625 0.028125 0.11041666666666666
28 0.53984375 0.49375 0.0453125 0.1
29 0.5875 0.4979166666666667 0.053125 0.1125
20 0.653125 0.49270833333333336 0.05625 0.10625
18 0.6953125 0.49583333333333335 0.028125 0.1
22 0.7421875 0.49895833333333334 0.06875 0.10208333333333333
4 0.25546875 0.6583333333333333 0.0484375 0.12916666666666668
7 0.3015625 0.65 0.05 0.12083333333333333
6 0.3515625 0.6583333333333333 0.053125 0.13333333333333333
1 0.49609375 0.6583333333333333 0.0421875 0.11666666666666667
6 0.53828125 0.6666666666666666 0.0453125 0.11666666666666667
0 0.58671875 0.6645833333333333 0.0515625 0.1125
9 0.63515625 0.6635416666666667 0.0421875 0.10625
1 0.75078125 0.66875 0.0453125 0.1125
