58 0.18359375 0.821875 0.0609375 0.08541666666666667
44 0.2234375 0.8229166666666666 0.01875 0.09583333333333334
49 0.25546875 0.8260416666666667 0.0453125 0.08541666666666667
40 0.30625 0.8291666666666667 0.05 0.07916666666666666
32 0.121875 0.690625 0.08125 0.09791666666666667
18 0.17578125 0.6989583333333333 0.0234375 0.09375
23 0.2171875 0.6989583333333333 0.059375 0.09375
14 0.27578125 0.6979166666666666 0.0546875 0.10833333333333334
28 0.36015625 0.6979166666666666 0.0546875 0.09166666666666666
17 0.41484375 0.696875 0.0546875 0.08958333333333333
24 0.47265625 0.7010416666666667 0.0640625 0.09791666666666667
25 0.5296875 0.7020833333333333 0.053125 0.1
11 0.6984375 0.7020833333333333 0.065625 0.1
10 0.76015625 0.7041666666666667 0.0546875 0.09166666666666666
27 0.8171875 0.709375 0.05625 0.09791666666666667
38 0.17734375 0.934375 0.0640625 0.09375
43 0.23203125 0.9260416666666667 0.0484375 0.09791666666666667
40 0.2859375 0.9385416666666667 0.05 0.08125
40 0.33515625 0.9375 0.0546875 0.0875
54 0.37734375 0.9354166666666667 0.0421875 0.09583333333333334
40 0.4296875 0.9364583333333333 0.05625 0.07708333333333334
