12 0.2953125 0.25 0.06875 0.14166666666666666
50 0.35703125 0.2604166666666667 0.0546875 0.1125
38 0.40390625 0.259375 0.0453125 0.09791666666666667
46 0.45234375 0.25104166666666666 0.0453125 0.12708333333333333
55 0.49296875 0.24583333333333332 0.0359375 0.11666666666666667
36 0.534375 0.2552083333333333 0.053125 0.08125
44 0.571875 0.240625 0.025 0.11875
47 0.596875 0.240625 0.021875 0.13958333333333334
13 0.30234375 0.8895833333333333 0.0671875 0.13333333333333333
53 0.353125 0.9125 0.034375 0.09166666666666666
44 0.38203125 0.8989583333333333 0.0265625 0.11458333333333333
49 0.4203125 0.9083333333333333 0.04375 0.09583333333333334
46 0.471875 0.9041666666666667 0.05625 0.11666666666666667
12 0.30234375 0.6833333333333333 0.0765625 0.14166666666666666
50 0.36171875 0.6927083333333334 0.0484375 0.08958333333333333
42 0.41484375 0.703125 0.0546875 0.12291666666666666
49 0.46640625 0.7 0.0484375 0.09583333333333334
36 0.51796875 0.6989583333333333 0.0515625 0.08958333333333333
38 0.5703125 0.6979166666666666 0.05625 0.09166666666666666
32 0.30703125 0.46145833333333336 0.0890625 0.11875
43 0.37734375 0.46875 0.0484375 0.12083333333333333
44 0.41328125 0.4625 0.0234375 0.12083333333333333
54 0.446875 0.4822916666666667 0.046875 0.09375
46 0.49609375 0.46041666666666664 0.0546875 0.12916666666666668
40 0.54609375 0.47291666666666665 0.0453125 0.1
60 0.59765625 0.484375 0.0546875 0.12708333333333333
