14 0.04765625 0.2947916666666667 0.0671875 0.14375
49 0.10859375 0.3177083333333333 0.0484375 0.09791666666666667
42 0.16171875 0.32916666666666666 0.0546875 0.1375
47 0.20625 0.309375 0.0375 0.11041666666666666
44 0.24140625 0.31145833333333334 0.0328125 0.11041666666666666
54 0.278125 0.334375 0.04375 0.11041666666666666
43 0.3328125 0.328125 0.05625 0.12291666666666666
35 0.40703125 0.33125 0.0640625 0.11666666666666667
50 0.46328125 0.353125 0.0453125 0.08541666666666667
49 0.5140625 0.35520833333333335 0.046875 0.09791666666666667
40 0.56796875 0.35625 0.0578125 0.09583333333333334
