25 0.2625 0.56875 0.071875 0.19166666666666668
10 0.33359375 0.6208333333333333 0.0734375 0.15833333333333333
23 0.4234375 0.6427083333333333 0.10625 0.16875
29 0.525 0.6541666666666667 0.0875 0.16666666666666666
14 0.62109375 0.653125 0.0890625 0.16458333333333333
23 0.72265625 0.65 0.0953125 0.1375
14 0.80625 0.6197916666666666 0.05625 0.16458333333333333
25 0.63125 0.7802083333333333 0.040625 0.08125
27 0.67890625 0.7760416666666666 0.0515625 0.07708333333333334
24 0.728125 0.7604166666666666 0.053125 0.07083333333333333
31 0.79296875 0.7447916666666666 0.0359375 0.07291666666666667
