22 0.0953125 0.365625 0.078125 0.13541666666666666
10 0.16015625 0.365625 0.0546875 0.12291666666666666
13 0.21640625 0.36770833333333336 0.0578125 0.12291666666666666
14 0.27109375 0.3625 0.0578125 0.125
17 0.43671875 0.365625 0.0671875 0.12708333333333333
10 0.49921875 0.36666666666666664 0.0578125 0.1125
18 0.54375 0.3614583333333333 0.03125 0.11875
27 0.5890625 0.3625 0.05625 0.11666666666666667
28 0.6875 0.35625 0.05625 0.12083333333333333
17 0.740625 0.35208333333333336 0.05625 0.12916666666666668
24 0.8 0.35520833333333335 0.0625 0.13125
25 0.85625 0.35 0.053125 0.125
