23 0.2140625 0.4 0.09375 0.15833333333333333
24 0.31171875 0.4 0.1015625 0.14583333333333334
27 0.41015625 0.4041666666666667 0.0984375 0.14166666666666666
29 0.49921875 0.4041666666666667 0.0796875 0.13333333333333333
17 0.5828125 0.4083333333333333 0.0875 0.13333333333333333
15 0.34140625 0.546875 0.0765625 0.13958333333333334
10 0.41875 0.5479166666666667 0.08125 0.14166666666666666
12 0.5046875 0.5479166666666667 0.090625 0.1375
14 0.59375 0.55 0.08125 0.14166666666666666
29 0.41171875 0.26145833333333335 0.0859375 0.13958333333333334
17 0.49921875 0.26666666666666666 0.0859375 0.14166666666666666
14 0.58671875 0.265625 0.0859375 0.14375
