25 0.15546875 0.14166666666666666 0.1359375 0.20833333333333334
44 0.246875 0.16666666666666666 0.05 0.15416666666666667
61 0.30546875 0.17916666666666667 0.0734375 0.14166666666666666
61 0.3703125 0.17604166666666668 0.059375 0.13958333333333334
36 0.4390625 0.175 0.090625 0.1375
2 0.54609375 0.14479166666666668 0.1109375 0.17708333333333334
0 0.65234375 0.14166666666666666 0.1171875 0.1625
0 0.75390625 0.13854166666666667 0.1296875 0.16875
1 0.85078125 0.146875 0.0703125 0.17708333333333334
29 0.80234375 0.26979166666666665 0.0203125 0.06458333333333334
4 0.82890625 0.2760416666666667 0.0234375 0.06458333333333334
7 0.85 0.2708333333333333 0.01875 0.0625
1 0.86640625 0.26458333333333334 0.0140625 0.058333333333333334
2 0.89375 0.275 0.021875 0.05416666666666667
0 0.91328125 0.26875 0.0171875 0.05416666666666667
0 0.93046875 0.27291666666666664 0.0140625 0.058333333333333334
1 0.9484375 0.27291666666666664 0.021875 0.05
