54 0.071875 0.121875 0.078125 0.13125
36 0.13515625 0.121875 0.0546875 0.12708333333333333
47 0.17890625 0.128125 0.0328125 0.13958333333333334
36 0.22421875 0.13229166666666667 0.0515625 0.12291666666666666
39 0.284375 0.115625 0.071875 0.14375
37 0.365625 0.12604166666666666 0.071875 0.15625
36 0.43203125 0.13958333333333334 0.0640625 0.125
53 0.4921875 0.14791666666666667 0.0625 0.11666666666666667
38 0.08671875 0.27291666666666664 0.0515625 0.09166666666666666
50 0.14609375 0.2864583333333333 0.0671875 0.10208333333333333
41 0.2046875 0.28229166666666666 0.046875 0.11458333333333333
41 0.246875 0.2875 0.04375 0.12916666666666668
40 0.2984375 0.31145833333333334 0.05625 0.09375
40 0.36171875 0.31145833333333334 0.0703125 0.09375
37 0.09609375 0.4197916666666667 0.0765625 0.12708333333333333
40 0.16484375 0.4395833333333333 0.0578125 0.1
40 0.2234375 0.45625 0.053125 0.1
53 0.28515625 0.4552083333333333 0.0671875 0.09375
