25 0.43671875 0.146875 0.0421875 0.08125
24 0.47421875 0.153125 0.0359375 0.07291666666666667
28 0.50546875 0.15 0.0328125 0.07916666666666666
29 0.53515625 0.15625 0.0296875 0.0875
10 0.56796875 0.15104166666666666 0.0296875 0.07708333333333334
16 0.59921875 0.153125 0.0296875 0.07291666666666667
14 0.63046875 0.15729166666666666 0.0296875 0.06875
28 0.67734375 0.15 0.0296875 0.075
29 0.70703125 0.14895833333333333 0.0234375 0.08125
10 0.73671875 0.15208333333333332 0.0359375 0.075
22 0.77265625 0.14895833333333333 0.0421875 0.06458333333333334
25 0.81328125 0.15 0.0359375 0.07916666666666666
