28 0.1859375 0.340625 0.178125 0.29375
51 0.35625 0.390625 0.159375 0.3145833333333333
40 0.51015625 0.3697916666666667 0.1515625 0.2604166666666667
40 0.653125 0.36666666666666664 0.146875 0.25416666666666665
39 0.8046875 0.3697916666666667 0.15625 0.3145833333333333
28 0.20546875 0.66875 0.1734375 0.29583333333333334
40 0.36875 0.709375 0.1625 0.21875
49 0.52265625 0.7020833333333333 0.1421875 0.22083333333333333
54 0.6625 0.703125 0.14375 0.22708333333333333
40 0.8109375 0.70625 0.165625 0.24166666666666667
