24 0.0796875 0.36354166666666665 0.1 0.17708333333333334
32 0.1875 0.3645833333333333 0.115625 0.18333333333333332
23 0.28828125 0.3614583333333333 0.0921875 0.18541666666666667
14 0.37734375 0.37083333333333335 0.0890625 0.20416666666666666
27 0.46640625 0.371875 0.0953125 0.16875
28 0.58828125 0.37083333333333335 0.1015625 0.1625
12 0.73671875 0.365625 0.1015625 0.18958333333333333
47 0.80703125 0.3697916666666667 0.0453125 0.20625
56 0.86640625 0.38645833333333335 0.0765625 0.15208333333333332
37 0.9375 0.38229166666666664 0.071875 0.16041666666666668
