27 0.39296875 0.46145833333333336 0.0765625 0.11041666666666666
24 0.46953125 0.46145833333333336 0.0546875 0.08958333333333333
28 0.5390625 0.46145833333333336 0.053125 0.07708333333333334
14 0.5984375 0.4666666666666667 0.04375 0.07916666666666666
29 0.07734375 0.7229166666666667 0.1203125 0.23333333333333334
27 0.22421875 0.7229166666666667 0.1359375 0.19166666666666668
14 0.3796875 0.7239583333333334 0.128125 0.17708333333333334
22 0.5265625 0.74375 0.14375 0.19166666666666668
10 0.68125 0.725 0.153125 0.16666666666666666
18 0.796875 0.7125 0.059375 0.16666666666666666
23 0.9046875 0.7083333333333334 0.1375 0.1625
