16 0.21640625 0.36666666666666664 0.1171875 0.175
10 0.32421875 0.378125 0.0984375 0.16875
29 0.4046875 0.37916666666666665 0.09375 0.14583333333333334
14 0.48984375 0.384375 0.0859375 0.15625
28 0.571875 0.384375 0.0875 0.16041666666666668
24 0.68046875 0.38645833333333335 0.1109375 0.16041666666666668
15 0.7859375 0.3875 0.10625 0.16666666666666666
25 0.20390625 0.5302083333333333 0.0890625 0.13958333333333334
10 0.290625 0.5364583333333334 0.084375 0.14375
27 0.3796875 0.5354166666666667 0.09375 0.1375
10 0.47109375 0.5322916666666667 0.0953125 0.14791666666666667
13 0.56796875 0.5458333333333333 0.0984375 0.14583333333333334
18 0.63671875 0.5385416666666667 0.0421875 0.13541666666666666
28 0.6890625 0.546875 0.065625 0.14375
14 0.775 0.5552083333333333 0.09375 0.13958333333333334
31 0.29453125 0.6552083333333333 0.0671875 0.06875
12 0.35546875 0.6583333333333333 0.0515625 0.075
10 0.415625 0.6614583333333334 0.046875 0.06875
23 0.46171875 0.659375 0.0453125 0.07708333333333334
13 0.50703125 0.6625 0.0453125 0.07083333333333333
27 0.54921875 0.6677083333333333 0.0359375 0.07708333333333334
14 0.5875 0.66875 0.0375 0.07916666666666666
32 0.63359375 0.6677083333333333 0.0515625 0.06875
28 0.678125 0.6708333333333333 0.046875 0.08333333333333333
