28 0.28828125 0.853125 0.0546875 0.11458333333333333
12 0.33125 0.8552083333333333 0.034375 0.10208333333333333
17 0.3671875 0.846875 0.034375 0.08958333333333333
24 0.40390625 0.8458333333333333 0.0453125 0.09166666666666666
24 0.44453125 0.8354166666666667 0.0359375 0.09166666666666666
21 0.47890625 0.8322916666666667 0.0296875 0.09375
35 0.5359375 0.81875 0.046875 0.09166666666666666
24 0.57578125 0.8177083333333334 0.0421875 0.09375
23 0.61484375 0.8135416666666667 0.0421875 0.09375
14 0.6578125 0.8104166666666667 0.053125 0.09166666666666666
