31 0.09140625 0.71875 0.0953125 0.175
14 0.17890625 0.7197916666666667 0.0859375 0.17291666666666666
27 0.25625 0.7260416666666667 0.075 0.16875
24 0.3390625 0.7375 0.084375 0.17083333333333334
14 0.453125 0.7291666666666666 0.084375 0.1625
54 0.52578125 0.7510416666666667 0.0546875 0.13125
51 0.58828125 0.7666666666666667 0.0796875 0.17083333333333334
53 0.6546875 0.746875 0.05625 0.14375
40 0.71484375 0.7541666666666667 0.0671875 0.12916666666666668
54 0.77890625 0.7583333333333333 0.0578125 0.12916666666666668
54 0.83046875 0.7510416666666667 0.0609375 0.12291666666666666
50 0.89609375 0.7625 0.0765625 0.12916666666666668
