15 0.45546875 0.21354166666666666 0.0546875 0.11458333333333333
21 0.5046875 0.2125 0.05 0.1125
24 0.55859375 0.209375 0.0609375 0.10208333333333333
32 0.62578125 0.20833333333333334 0.0703125 0.10833333333333334
14 0.68359375 0.20625 0.0546875 0.1
27 0.73515625 0.20833333333333334 0.0453125 0.1
28 0.7796875 0.20625 0.04375 0.0875
15 0.221875 0.36041666666666666 0.059375 0.09583333333333334
24 0.278125 0.35625 0.05625 0.0875
27 0.33359375 0.359375 0.0578125 0.09375
10 0.39609375 0.3572916666666667 0.0609375 0.09791666666666667
21 0.45 0.35625 0.05 0.1125
16 0.50234375 0.3489583333333333 0.0546875 0.09375
14 0.5546875 0.3489583333333333 0.059375 0.10625
27 0.6046875 0.35104166666666664 0.04375 0.09375
23 0.6578125 0.3458333333333333 0.0625 0.09166666666666666
24 0.71953125 0.3416666666666667 0.0609375 0.1
23 0.78203125 0.33958333333333335 0.0671875 0.10416666666666667
