29 0.078125 0.8354166666666667 0.134375 0.225
50 0.17734375 0.8479166666666667 0.0765625 0.1625
16 0.31953125 0.8354166666666667 0.1515625 0.24166666666666667
50 0.4421875 0.859375 0.0875 0.16458333333333333
17 0.5921875 0.8270833333333333 0.15 0.22083333333333333
50 0.7125 0.8604166666666667 0.084375 0.17916666666666667
48 0.83359375 0.8604166666666667 0.1546875 0.175
40 0.9515625 0.859375 0.084375 0.18125
60 0.5 0.63125 0.1 0.275
10 0.09453125 0.5770833333333333 0.1546875 0.2125
54 0.2078125 0.5947916666666667 0.06875 0.17708333333333334
43 0.29609375 0.5604166666666667 0.1046875 0.24583333333333332
47 0.37421875 0.56875 0.0546875 0.25833333333333336
40 0.4375 0.5958333333333333 0.075 0.175
