10 0.0640625 0.09895833333333333 0.109375 0.15208333333333332
30 0.190625 0.10104166666666667 0.1 0.13125
28 0.29765625 0.10520833333333333 0.0703125 0.10208333333333333
29 0.3859375 0.10833333333333334 0.065625 0.12916666666666668
14 0.4796875 0.11041666666666666 0.0625 0.125
27 0.57421875 0.11666666666666667 0.0640625 0.13333333333333333
21 0.6703125 0.12291666666666666 0.071875 0.1375
18 0.74765625 0.11666666666666667 0.0453125 0.1
29 0.825 0.11458333333333333 0.06875 0.10833333333333334
35 0.91640625 0.13229166666666667 0.0671875 0.13125
