15 0.07890625 0.15833333333333333 0.1171875 0.24583333333333332
21 0.18671875 0.16041666666666668 0.0953125 0.20416666666666666
18 0.26796875 0.16979166666666667 0.0640625 0.19375
16 0.3609375 0.16458333333333333 0.128125 0.20833333333333334
17 0.4859375 0.16458333333333333 0.125 0.20833333333333334
29 0.61171875 0.17604166666666668 0.1203125 0.18125
10 0.09375 0.40729166666666666 0.140625 0.21875
29 0.2140625 0.44583333333333336 0.096875 0.1875
29 0.31171875 0.446875 0.1078125 0.18541666666666667
14 0.4109375 0.44583333333333336 0.0875 0.18333333333333332
23 0.50859375 0.4427083333333333 0.1109375 0.17291666666666666
13 0.6140625 0.44166666666666665 0.103125 0.17083333333333334
10 0.7171875 0.4395833333333333 0.096875 0.17083333333333334
23 0.81953125 0.44583333333333336 0.1078125 0.175
29 0.92265625 0.44583333333333336 0.0953125 0.16666666666666666
18 0.08046875 0.6572916666666667 0.0703125 0.18958333333333333
23 0.17421875 0.684375 0.1171875 0.15625
29 0.290625 0.6916666666666667 0.11875 0.15833333333333333
14 0.39296875 0.7010416666666667 0.0890625 0.17708333333333334
27 0.49140625 0.6864583333333333 0.1109375 0.15208333333333332
31 0.58515625 0.6833333333333333 0.1109375 0.14583333333333334
18 0.66796875 0.6927083333333334 0.0609375 0.16041666666666668
14 0.74375 0.6895833333333333 0.090625 0.1625
32 0.86328125 0.6947916666666667 0.1484375 0.16041666666666668
