25 0.0953125 0.5739583333333333 0.090625 0.16458333333333333
36 0.17109375 0.59375 0.0609375 0.12083333333333333
56 0.23671875 0.571875 0.0671875 0.13125
47 0.2890625 0.5604166666666667 0.040625 0.17083333333333334
25 0.49765625 0.5572916666666666 0.0890625 0.15208333333333332
36 0.57265625 0.5802083333333333 0.0609375 0.12291666666666666
56 0.64140625 0.5708333333333333 0.0671875 0.1125
47 0.69453125 0.5479166666666667 0.0390625 0.16666666666666666
44 0.7375 0.5520833333333334 0.0375 0.15833333333333333
49 0.79609375 0.5666666666666667 0.0765625 0.10416666666666667
36 0.87265625 0.5635416666666667 0.0703125 0.11875
