22 0.3390625 0.49375 0.184375 0.19583333333333333
14 0.471875 0.49166666666666664 0.10625 0.18333333333333332
16 0.5796875 0.4895833333333333 0.103125 0.1875
10 0.671875 0.49166666666666664 0.09375 0.18333333333333332
11 0.765625 0.46875 0.08125 0.12083333333333333
24 0.84375 0.45 0.075 0.13333333333333333
33 0.9203125 0.45208333333333334 0.084375 0.1625
0 0.5890625 0.7520833333333333 0.046875 0.15416666666666667
14 0.03125 0.8729166666666667 0.0625 0.17916666666666667
21 0.1 0.8708333333333333 0.06875 0.18333333333333332
6 0.196875 0.83125 0.0625 0.1875
6 0.259375 0.81875 0.06875 0.1625
7 0.3203125 0.8104166666666667 0.046875 0.17916666666666667
8 0.371875 0.8 0.05 0.175
9 0.4796875 0.7708333333333334 0.053125 0.15
0 0.534375 0.7708333333333334 0.05625 0.16666666666666666
0 0.6484375 0.7416666666666667 0.065625 0.125
