11 0.45625 0.44479166666666664 0.065625 0.06875
47 0.50078125 0.44166666666666665 0.0234375 0.06666666666666667
36 0.534375 0.45208333333333334 0.0375 0.05416666666666667
38 0.57109375 0.45416666666666666 0.0359375 0.058333333333333334
46 0.609375 0.44166666666666665 0.040625 0.08333333333333333
51 0.65234375 0.45625 0.0421875 0.07916666666666666
36 0.69453125 0.44895833333333335 0.0390625 0.052083333333333336
49 0.73984375 0.45208333333333334 0.0453125 0.05416666666666667
12 0.23046875 0.6875 0.1453125 0.2
24 0.36875 0.6625 0.1125 0.16666666666666666
15 0.48203125 0.6354166666666666 0.1078125 0.17916666666666667
15 0.60625 0.615625 0.1125 0.17708333333333334
14 0.7453125 0.5916666666666667 0.13125 0.175
14 0.88984375 0.5458333333333333 0.1609375 0.18333333333333332
