24 0.396875 0.5989583333333334 0.1 0.11041666666666666
15 0.47265625 0.59375 0.0484375 0.11666666666666667
15 0.52890625 0.5927083333333333 0.0546875 0.12291666666666666
18 0.56875 0.59375 0.03125 0.125
12 0.6203125 0.5947916666666667 0.075 0.13125
14 0.70234375 0.5854166666666667 0.0796875 0.13333333333333333
25 0.4265625 0.46458333333333335 0.08125 0.12083333333333333
24 0.51015625 0.459375 0.0953125 0.11875
28 0.58203125 0.45729166666666665 0.0515625 0.13125
29 0.64921875 0.46041666666666664 0.0859375 0.1125
