20 0.440625 0.3333333333333333 0.059375 0.07916666666666666
36 0.484375 0.340625 0.028125 0.07291666666666667
49 0.515625 0.33125 0.0375 0.058333333333333334
42 0.5484375 0.334375 0.0375 0.06875
17 0.60625 0.3229166666666667 0.053125 0.06666666666666667
19 0.65703125 0.31979166666666664 0.0421875 0.05625
43 0.7015625 0.3145833333333333 0.040625 0.0625
36 0.7375 0.31666666666666665 0.03125 0.05416666666666667
44 0.76328125 0.3125 0.0203125 0.08333333333333333
53 0.78671875 0.3072916666666667 0.0265625 0.06041666666666667
15 0.82265625 0.2989583333333333 0.0328125 0.06041666666666667
36 0.85234375 0.30104166666666665 0.0265625 0.06041666666666667
38 0.8796875 0.3020833333333333 0.03125 0.0625
40 0.915625 0.29583333333333334 0.040625 0.058333333333333334
