32 0.06171875 0.18958333333333333 0.0859375 0.1375
36 0.12265625 0.21145833333333333 0.0421875 0.08541666666666667
47 0.15546875 0.19270833333333334 0.0296875 0.12708333333333333
55 0.1890625 0.19895833333333332 0.04375 0.10625
40 0.22734375 0.203125 0.0359375 0.07708333333333334
53 0.26171875 0.20416666666666666 0.0390625 0.08333333333333333
11 0.325 0.18958333333333333 0.053125 0.10833333333333334
40 0.371875 0.19791666666666666 0.04375 0.0875
49 0.41328125 0.19583333333333333 0.0359375 0.075
45 0.4421875 0.20520833333333333 0.021875 0.09791666666666667
36 0.47265625 0.196875 0.0421875 0.08125
48 0.52265625 0.19479166666666667 0.0578125 0.08125
44 0.5625 0.19479166666666667 0.021875 0.08125
49 0.596875 0.203125 0.034375 0.08125
54 0.65625 0.196875 0.0375 0.08125
25 0.7125 0.17916666666666667 0.053125 0.1
36 0.75546875 0.19375 0.0328125 0.08333333333333333
54 0.78828125 0.19166666666666668 0.0328125 0.0625
54 0.82265625 0.19270833333333334 0.0359375 0.06458333333333334
36 0.86328125 0.19166666666666668 0.0453125 0.0625
42 0.90546875 0.20625 0.0359375 0.09166666666666666
40 0.94140625 0.190625 0.0296875 0.06875
54 0.9734375 0.184375 0.034375 0.06041666666666667
