27 0.3234375 0.38125 0.121875 0.17083333333333334
10 0.4609375 0.36666666666666664 0.121875 0.14166666666666666
13 0.6 0.3458333333333333 0.125 0.15833333333333333
13 0.7546875 0.32916666666666666 0.159375 0.16666666666666666
28 0.278125 0.5208333333333334 0.05 0.075
32 0.3328125 0.5145833333333333 0.053125 0.07083333333333333
18 0.3734375 0.5145833333333333 0.028125 0.07083333333333333
29 0.409375 0.5020833333333333 0.05 0.10416666666666667
35 0.4578125 0.4979166666666667 0.053125 0.07916666666666666
14 0.5078125 0.5020833333333333 0.034375 0.09583333333333334
27 0.553125 0.4875 0.05625 0.10833333333333334
21 0.6078125 0.48541666666666666 0.053125 0.10416666666666667
10 0.6625 0.475 0.05625 0.09166666666666666
23 0.725 0.4708333333333333 0.05625 0.08333333333333333
13 0.7890625 0.46875 0.065625 0.07916666666666666
