23 0.34765625 0.3145833333333333 0.0703125 0.10416666666666667
10 0.41171875 0.309375 0.0609375 0.09791666666666667
18 0.459375 0.31145833333333334 0.028125 0.10208333333333333
21 0.50390625 0.31145833333333334 0.0609375 0.10208333333333333
29 0.5734375 0.29791666666666666 0.06875 0.09583333333333334
27 0.640625 0.303125 0.0625 0.11041666666666666
14 0.7 0.30416666666666664 0.05 0.10833333333333334
14 0.75859375 0.30104166666666665 0.0640625 0.10625
0 0.8140625 0.403125 0.028125 0.04791666666666667
4 0.8390625 0.4041666666666667 0.01875 0.0625
2 0.85859375 0.39895833333333336 0.0171875 0.04791666666666667
4 0.89296875 0.4010416666666667 0.0234375 0.04375
8 0.91640625 0.4 0.0171875 0.04583333333333333
8 0.93671875 0.403125 0.0140625 0.04791666666666667
8 0.96640625 0.39791666666666664 0.0234375 0.05
9 0.9875 0.396875 0.021875 0.052083333333333336
55 0.42890625 0.22916666666666666 0.0109375 0.058333333333333334
49 0.33515625 0.240625 0.0203125 0.03958333333333333
44 0.365625 0.23854166666666668 0.00625 0.03958333333333333
47 0.375 0.2375 0.0125 0.05
36 0.39140625 0.24166666666666667 0.0234375 0.029166666666666667
53 0.41328125 0.240625 0.0140625 0.03125
54 0.446875 0.23541666666666666 0.01875 0.0375
43 0.46640625 0.23541666666666666 0.0171875 0.058333333333333334
50 0.48359375 0.23333333333333334 0.0171875 0.0375
51 0.50234375 0.23854166666666668 0.0203125 0.04791666666666667
36 0.35390625 0.24270833333333333 0.0171875 0.022916666666666665
