28 0.41328125 0.23645833333333333 0.0734375 0.12708333333333333
28 0.48046875 0.2625 0.0640625 0.125
10 0.53515625 0.28958333333333336 0.0609375 0.125
22 0.615625 0.31666666666666665 0.1 0.13333333333333333
35 0.68515625 0.34375 0.0578125 0.125
18 0.73359375 0.3625 0.0328125 0.12083333333333333
14 0.7796875 0.37604166666666666 0.075 0.11458333333333333
22 0.4 0.3614583333333333 0.090625 0.13958333333333334
10 0.47109375 0.40208333333333335 0.0578125 0.125
27 0.53828125 0.42604166666666665 0.0609375 0.12708333333333333
20 0.6140625 0.45729166666666665 0.075 0.13125
14 0.6890625 0.4895833333333333 0.0625 0.1375
29 0.7484375 0.509375 0.075 0.13125
