11 0.134375 0.709375 0.15625 0.34791666666666665
36 0.27890625 0.7479166666666667 0.1359375 0.25833333333333336
46 0.41484375 0.715625 0.1515625 0.35625
40 0.5625 0.746875 0.14375 0.24791666666666667
53 0.6765625 0.7375 0.090625 0.2375
60 0.79140625 0.7770833333333333 0.1421875 0.32916666666666666
15 0.13359375 0.36875 0.1515625 0.325
53 0.25 0.4239583333333333 0.0875 0.24791666666666667
40 0.3546875 0.42083333333333334 0.140625 0.25
54 0.48203125 0.425 0.1234375 0.275
43 0.6140625 0.40208333333333335 0.146875 0.3333333333333333
