16 0.290625 0.23125 0.103125 0.15416666666666667
28 0.38203125 0.22708333333333333 0.0921875 0.15
2 0.49765625 0.21875 0.1421875 0.2
5 0.63125 0.23541666666666666 0.146875 0.25833333333333336
15 0.7890625 0.16979166666666667 0.03125 0.06041666666666667
53 0.8125 0.178125 0.0125 0.04375
44 0.82421875 0.16770833333333332 0.0109375 0.06458333333333334
40 0.83828125 0.17395833333333333 0.0140625 0.04791666666666667
49 0.85703125 0.17291666666666666 0.0203125 0.05
39 0.88046875 0.17083333333333334 0.0171875 0.0625
47 0.89453125 0.16979166666666667 0.0109375 0.07291666666666667
60 0.91171875 0.18541666666666667 0.0234375 0.07083333333333333
15 0.81171875 0.23854166666666668 0.0359375 0.05625
53 0.8359375 0.246875 0.01875 0.03958333333333333
40 0.85546875 0.24166666666666667 0.0203125 0.05
54 0.875 0.2375 0.0125 0.05
43 0.8953125 0.240625 0.028125 0.052083333333333336
15 0.83515625 0.2989583333333333 0.0328125 0.06041666666666667
56 0.86171875 0.303125 0.0265625 0.04375
49 0.8890625 0.309375 0.025 0.052083333333333336
15 0.015625 0.18333333333333332 0.03125 0.07083333333333333
53 0.0390625 0.18958333333333333 0.015625 0.041666666666666664
44 0.053125 0.18125 0.015625 0.058333333333333334
40 0.065625 0.18645833333333334 0.021875 0.03958333333333333
49 0.0890625 0.18020833333333333 0.021875 0.04791666666666667
39 0.11328125 0.178125 0.0234375 0.06875
47 0.13125 0.178125 0.009375 0.06458333333333334
60 0.1484375 0.196875 0.028125 0.06458333333333334
15 0.0265625 0.25833333333333336 0.0375 0.06666666666666667
53 0.0546875 0.26145833333333335 0.01875 0.04791666666666667
54 0.0953125 0.25729166666666664 0.021875 0.052083333333333336
43 0.12109375 0.25625 0.0296875 0.075
40 0.0734375 0.25729166666666664 0.021875 0.04791666666666667
15 0.0484375 0.32708333333333334 0.0375 0.075
56 0.078125 0.328125 0.021875 0.052083333333333336
49 0.10703125 0.328125 0.0328125 0.052083333333333336
