48 0.215625 0.23541666666666666 0.13125 0.15
36 0.31953125 0.24791666666666667 0.0859375 0.13333333333333333
53 0.39453125 0.2520833333333333 0.0578125 0.1375
38 0.4734375 0.24479166666666666 0.096875 0.12291666666666666
6 0.92109375 0.25 0.0484375 0.10416666666666667
29 0.5859375 0.24166666666666667 0.0625 0.10833333333333334
4 0.646875 0.24479166666666666 0.0375 0.08958333333333333
8 0.68515625 0.2520833333333333 0.0484375 0.10416666666666667
8 0.72890625 0.25104166666666666 0.0421875 0.10208333333333333
0 0.7953125 0.246875 0.05 0.09791666666666667
6 0.83828125 0.24583333333333332 0.0359375 0.1
0 0.8765625 0.24895833333333334 0.0375 0.10625
