32 0.4171875 0.4791666666666667 0.1375 0.14166666666666666
17 0.5390625 0.47604166666666664 0.096875 0.13125
18 0.61875 0.478125 0.05 0.12708333333333333
29 0.6890625 0.48020833333333335 0.078125 0.12291666666666666
14 0.7765625 0.4739583333333333 0.0875 0.12708333333333333
26 0.528125 0.6447916666666667 0.096875 0.14791666666666667
30 0.62109375 0.6385416666666667 0.0796875 0.13541666666666666
18 0.6921875 0.6447916666666667 0.05 0.13541666666666666
21 0.759375 0.6447916666666667 0.078125 0.12291666666666666
29 0.84453125 0.6427083333333333 0.0890625 0.13541666666666666
