18 0.1421875 0.41354166666666664 0.04375 0.13958333333333334
23 0.20390625 0.41458333333333336 0.0796875 0.15416666666666667
15 0.27109375 0.4083333333333333 0.0546875 0.12916666666666668
24 0.34375 0.4125 0.0875 0.12083333333333333
27 0.4171875 0.4114583333333333 0.0625 0.13958333333333334
22 0.49765625 0.4125 0.1046875 0.14583333333333334
10 0.58359375 0.421875 0.0734375 0.13541666666666666
29 0.64375 0.421875 0.0625 0.14375
18 0.6890625 0.42916666666666664 0.028125 0.14583333333333334
24 0.7453125 0.42291666666666666 0.084375 0.12083333333333333
23 0.840625 0.428125 0.1 0.13958333333333334
