29 0.1171875 0.275 0.084375 0.13333333333333333
17 0.1953125 0.275 0.053125 0.15
13 0.2609375 0.275 0.059375 0.13333333333333333
11 0.3390625 0.29375 0.059375 0.12916666666666668
24 0.4078125 0.3 0.071875 0.125
13 0.478125 0.30416666666666664 0.05625 0.10833333333333334
34 0.5421875 0.2916666666666667 0.065625 0.1
28 0.609375 0.28541666666666665 0.05 0.10416666666666667
17 0.6703125 0.2916666666666667 0.059375 0.09166666666666666
24 0.7375 0.29375 0.075 0.0875
25 0.80625 0.3 0.06875 0.09166666666666666
