32 0.20234375 0.475 0.1953125 0.22083333333333333
14 0.359375 0.47604166666666664 0.11875 0.20625
11 0.47421875 0.471875 0.1328125 0.21875
24 0.640625 0.47604166666666664 0.134375 0.21875
15 0.76953125 0.48541666666666666 0.1140625 0.21666666666666667
13 0.159375 0.6895833333333333 0.153125 0.22083333333333333
27 0.29453125 0.6927083333333334 0.1140625 0.21458333333333332
14 0.40703125 0.690625 0.1109375 0.19375
10 0.521875 0.7010416666666667 0.121875 0.20208333333333334
22 0.66171875 0.70625 0.1640625 0.2125
28 0.7953125 0.7104166666666667 0.103125 0.1875
31 0.20625 0.8583333333333333 0.06875 0.10416666666666667
12 0.2734375 0.8625 0.0625 0.125
10 0.3578125 0.8583333333333333 0.065625 0.10416666666666667
23 0.4234375 0.8666666666666667 0.05625 0.1125
13 0.48203125 0.8635416666666667 0.0609375 0.10208333333333333
27 0.54296875 0.8666666666666667 0.0484375 0.10416666666666667
14 0.59140625 0.871875 0.0515625 0.11041666666666666
32 0.6578125 0.8697916666666666 0.08125 0.09375
28 0.725 0.871875 0.053125 0.08958333333333333
