23 0.0578125 0.784375 0.05625 0.09375
14 0.10859375 0.7833333333333333 0.0484375 0.09583333333333334
31 0.15625 0.7770833333333333 0.046875 0.09166666666666666
14 0.2015625 0.778125 0.046875 0.08541666666666667
27 0.2515625 0.7864583333333334 0.053125 0.08125
28 0.31796875 0.7854166666666667 0.0484375 0.07916666666666666
29 0.3625 0.7864583333333334 0.040625 0.08541666666666667
24 0.40703125 0.7854166666666667 0.0484375 0.08333333333333333
25 0.4546875 0.7875 0.046875 0.08333333333333333
14 0.51875 0.7802083333333333 0.040625 0.09375
33 0.56328125 0.778125 0.0546875 0.09375
25 0.61171875 0.78125 0.0421875 0.07916666666666666
21 0.65234375 0.7791666666666667 0.0453125 0.07916666666666666
24 0.6984375 0.7791666666666667 0.04375 0.09166666666666666
27 0.74296875 0.7791666666666667 0.0484375 0.09166666666666666
18 0.7796875 0.771875 0.025 0.09375
23 0.81796875 0.7770833333333333 0.0453125 0.08333333333333333
16 0.8625 0.7739583333333333 0.05 0.07708333333333334
29 0.41171875 0.28541666666666665 0.0421875 0.07083333333333333
17 0.45546875 0.2864583333333333 0.0453125 0.07291666666666667
14 0.50078125 0.28958333333333336 0.0421875 0.075
23 0.3140625 0.3489583333333333 0.05 0.07708333333333334
29 0.453125 0.35520833333333335 0.040625 0.07291666666666667
24 0.36484375 0.35104166666666664 0.0515625 0.07291666666666667
27 0.41171875 0.35104166666666664 0.0421875 0.06875
17 0.49609375 0.3541666666666667 0.0453125 0.058333333333333334
15 0.3765625 0.42083333333333334 0.04375 0.07083333333333333
10 0.4171875 0.421875 0.0375 0.07291666666666667
12 0.46015625 0.4197916666666667 0.0390625 0.06458333333333334
14 0.50078125 0.4197916666666667 0.0421875 0.07291666666666667
