31 0.08046875 0.121875 0.1078125 0.15208333333333332
50 0.1671875 0.13645833333333332 0.06875 0.10625
44 0.2203125 0.12708333333333333 0.040625 0.14166666666666666
38 0.275 0.13645833333333332 0.06875 0.12708333333333333
40 0.34375 0.13541666666666666 0.06875 0.11666666666666667
18 0.4328125 0.13125 0.05625 0.13333333333333333
49 0.50078125 0.134375 0.0828125 0.11875
55 0.56875 0.134375 0.046875 0.13541666666666666
40 0.62265625 0.14166666666666666 0.0640625 0.12083333333333333
53 0.6890625 0.140625 0.06875 0.11458333333333333
41 0.7421875 0.14166666666666666 0.040625 0.12916666666666668
36 0.79921875 0.15104166666666666 0.0734375 0.11041666666666666
38 0.86796875 0.14479166666666668 0.0640625 0.11041666666666666
40 0.9328125 0.14479166666666668 0.059375 0.10625
