54 0.0484375 0.7885304659498208 0.05 0.26523297491039427
40 0.1125 0.7939068100358423 0.071875 0.27598566308243727
48 0.215625 0.7939068100358423 0.140625 0.2903225806451613
47 0.315625 0.7688172043010753 0.0625 0.3835125448028674
54 0.4125 0.7903225806451613 0.08125 0.2903225806451613
46 0.50078125 0.7508960573476703 0.0921875 0.3906810035842294
44 0.571875 0.7598566308243727 0.05 0.3655913978494624
48 0.6703125 0.8100358422939068 0.146875 0.30824372759856633
48 0.80703125 0.8100358422939068 0.1328125 0.2867383512544803
40 0.89609375 0.8010752688172043 0.0421875 0.2903225806451613
39 0.9421875 0.7777777777777778 0.046875 0.37992831541218636
