15 0.1296875 0.11979166666666667 0.028125 0.06875
30 0.15625 0.11458333333333333 0.025 0.06666666666666667
23 0.18203125 0.11458333333333333 0.0296875 0.06666666666666667
23 0.2078125 0.11354166666666667 0.028125 0.06458333333333334
34 0.23203125 0.11458333333333333 0.0234375 0.06666666666666667
11 0.2578125 0.11354166666666667 0.028125 0.06875
24 0.28359375 0.11666666666666667 0.0265625 0.07083333333333333
33 0.31015625 0.11354166666666667 0.0234375 0.06458333333333334
44 0.32734375 0.11458333333333333 0.0171875 0.0625
54 0.3453125 0.11979166666666667 0.021875 0.05625
42 0.3671875 0.12604166666666666 0.03125 0.06875
50 0.3921875 0.11979166666666667 0.01875 0.06458333333333334
50 0.40859375 0.11979166666666667 0.0234375 0.052083333333333336
39 0.43125 0.12083333333333333 0.021875 0.0625
41 0.453125 0.11770833333333333 0.021875 0.06041666666666667
50 0.4703125 0.12916666666666668 0.01875 0.05
53 0.4890625 0.12604166666666666 0.01875 0.05625
60 0.51015625 0.12708333333333333 0.0234375 0.06666666666666667
50 0.53046875 0.125 0.0171875 0.058333333333333334
56 0.55 0.125 0.021875 0.0625
15 0.13046875 0.18958333333333333 0.0328125 0.0625
30 0.1578125 0.18645833333333334 0.028125 0.06458333333333334
23 0.1828125 0.18541666666666667 0.028125 0.058333333333333334
23 0.209375 0.184375 0.025 0.06458333333333334
34 0.23203125 0.18333333333333332 0.0265625 0.0625
11 0.259375 0.18333333333333332 0.034375 0.058333333333333334
24 0.28515625 0.18958333333333333 0.0203125 0.06666666666666667
33 0.309375 0.18958333333333333 0.03125 0.075
36 0.33515625 0.1875 0.0203125 0.05416666666666667
55 0.3546875 0.19166666666666668 0.01875 0.04583333333333333
50 0.3734375 0.190625 0.021875 0.04791666666666667
55 0.38984375 0.190625 0.0140625 0.04791666666666667
43 0.40703125 0.18854166666666666 0.0203125 0.05625
40 0.42890625 0.19166666666666668 0.0203125 0.05
53 0.44609375 0.18854166666666666 0.0140625 0.04791666666666667
54 0.46171875 0.190625 0.0171875 0.052083333333333336
44 0.48125 0.1875 0.01875 0.05416666666666667
54 0.50078125 0.19166666666666668 0.0203125 0.05
40 0.521875 0.19270833333333334 0.01875 0.04375
57 0.54140625 0.19479166666666667 0.0203125 0.03958333333333333
40 0.56171875 0.19270833333333334 0.0171875 0.04375
49 0.58203125 0.19270833333333334 0.0234375 0.04375
37 0.60625 0.19375 0.021875 0.058333333333333334
40 0.6265625 0.19375 0.021875 0.05416666666666667
55 0.64296875 0.190625 0.0109375 0.052083333333333336
55 0.6546875 0.190625 0.015625 0.05625
40 0.6703125 0.19479166666666667 0.015625 0.04375
53 0.68828125 0.19479166666666667 0.0234375 0.04375
15 0.153125 0.30833333333333335 0.0875 0.16666666666666666
56 0.2296875 0.3104166666666667 0.06875 0.14583333333333334
49 0.29765625 0.31354166666666666 0.0765625 0.13541666666666666
49 0.37109375 0.3125 0.0703125 0.13333333333333333
60 0.4421875 0.33125 0.078125 0.17083333333333334
11 0.5359375 0.3020833333333333 0.1 0.15833333333333333
24 0.62890625 0.3 0.1015625 0.15416666666666667
33 0.72421875 0.30520833333333336 0.0984375 0.17291666666666666
