19 0.0859375 0.084375 0.078125 0.12708333333333333
50 0.1484375 0.10104166666666667 0.059375 0.11041666666666666
60 0.20859375 0.1125 0.0671875 0.14583333333333334
41 0.26640625 0.090625 0.0515625 0.13958333333333334
56 0.325 0.09583333333333334 0.0625 0.1125
47 0.38203125 0.090625 0.0515625 0.12291666666666666
29 0.4796875 0.08854166666666667 0.071875 0.10625
50 0.54375 0.09583333333333334 0.046875 0.0875
39 0.59765625 0.096875 0.0546875 0.12708333333333333
36 0.6546875 0.09791666666666667 0.05 0.09166666666666666
60 0.709375 0.11354166666666667 0.065625 0.14791666666666667
