23 0.29453125 0.40625 0.0921875 0.16666666666666666
10 0.38671875 0.4010416666666667 0.0859375 0.17291666666666666
22 0.4859375 0.39166666666666666 0.1 0.16666666666666666
30 0.6 0.38958333333333334 0.103125 0.16666666666666666
41 0.2828125 0.5645833333333333 0.046875 0.10416666666666667
47 0.31484375 0.5697916666666667 0.0171875 0.09375
50 0.334375 0.5697916666666667 0.01875 0.06875
58 0.3609375 0.5739583333333333 0.034375 0.05625
40 0.3890625 0.5729166666666666 0.021875 0.058333333333333334
53 0.41328125 0.575 0.0234375 0.05416666666666667
36 0.53828125 0.5635416666666667 0.0328125 0.05625
53 0.56796875 0.5666666666666667 0.0265625 0.058333333333333334
55 0.59921875 0.5552083333333333 0.0296875 0.08125
