31 0.35390625 0.421875 0.1015625 0.25625
18 0.44765625 0.4322916666666667 0.0765625 0.22291666666666668
25 0.53671875 0.4322916666666667 0.0953125 0.22708333333333333
28 0.6453125 0.44375 0.109375 0.2375
28 0.39375 0.6 0.034375 0.058333333333333334
18 0.42109375 0.5989583333333334 0.0203125 0.05625
23 0.44453125 0.6 0.0234375 0.058333333333333334
12 0.46796875 0.6 0.0296875 0.05416666666666667
14 0.50078125 0.6010416666666667 0.0265625 0.06041666666666667
1 0.5375 0.6020833333333333 0.028125 0.05
9 0.5640625 0.60625 0.021875 0.058333333333333334
9 0.5859375 0.6020833333333333 0.021875 0.058333333333333334
7 0.6109375 0.603125 0.03125 0.052083333333333336
