28 0.24453125 0.38333333333333336 0.0484375 0.12083333333333333
50 0.290625 0.396875 0.046875 0.09791666666666667
50 0.334375 0.39895833333333336 0.04375 0.09791666666666667
49 0.378125 0.396875 0.04375 0.08958333333333333
42 0.425 0.40520833333333334 0.046875 0.10625
53 0.46328125 0.39166666666666666 0.0234375 0.0875
36 0.49921875 0.3927083333333333 0.0453125 0.08541666666666667
40 0.5421875 0.3927083333333333 0.046875 0.08541666666666667
48 0.59609375 0.39375 0.0640625 0.0875
50 0.65 0.396875 0.04375 0.08958333333333333
50 0.69140625 0.39166666666666666 0.0421875 0.08333333333333333
49 0.740625 0.39166666666666666 0.053125 0.07916666666666666
