30 0.05546875 0.39166666666666666 0.0390625 0.07916666666666666
19 0.09375 0.3885416666666667 0.028125 0.07708333333333334
18 0.11640625 0.3875 0.0171875 0.07916666666666666
15 0.140625 0.39375 0.03125 0.058333333333333334
18 0.1625 0.3927083333333333 0.01875 0.06458333333333334
21 0.1828125 0.3958333333333333 0.028125 0.07916666666666666
22 0.221875 0.396875 0.05 0.06041666666666667
15 0.32578125 0.43125 0.1328125 0.17083333333333334
13 0.43828125 0.43645833333333334 0.1046875 0.16875
44 0.521875 0.434375 0.06875 0.16875
28 0.6640625 0.4635416666666667 0.08125 0.13125
55 0.72734375 0.4708333333333333 0.0484375 0.10416666666666667
36 0.77265625 0.478125 0.0546875 0.09375
55 0.821875 0.4739583333333333 0.05 0.09375
44 0.8578125 0.47708333333333336 0.025 0.1125
50 0.9 0.4822916666666667 0.059375 0.09375
49 0.96015625 0.4822916666666667 0.0578125 0.10208333333333333
13 0.24140625 0.5885416666666666 0.0703125 0.08958333333333333
18 0.28046875 0.584375 0.0359375 0.08541666666666667
16 0.32421875 0.5885416666666666 0.0484375 0.08125
18 0.359375 0.5895833333333333 0.03125 0.09166666666666666
29 0.40078125 0.590625 0.0515625 0.09375
10 0.4328125 0.596875 0.046875 0.08125
21 0.47734375 0.5947916666666667 0.0484375 0.07708333333333334
25 0.54140625 0.6010416666666667 0.0546875 0.08541666666666667
17 0.5953125 0.5979166666666667 0.053125 0.0875
24 0.64453125 0.596875 0.0546875 0.09375
29 0.696875 0.5989583333333334 0.05 0.09375
24 0.74375 0.60625 0.059375 0.09166666666666666
28 0.8046875 0.6083333333333333 0.046875 0.0875
17 0.853125 0.6072916666666667 0.05625 0.09375
24 0.90859375 0.6072916666666667 0.0546875 0.09791666666666667
25 0.959375 0.6125 0.04375 0.0875
29 0.653125 0.7677083333333333 0.0375 0.10625
40 0.68515625 0.7760416666666666 0.0265625 0.07291666666666667
47 0.709375 0.7760416666666666 0.021875 0.10208333333333333
4 0.78125 0.7697916666666667 0.03125 0.09375
8 0.81640625 0.7791666666666667 0.0359375 0.09583333333333334
6 0.84921875 0.7729166666666667 0.0328125 0.10416666666666667
6 0.91796875 0.778125 0.0359375 0.08125
9 0.9515625 0.7770833333333333 0.034375 0.09583333333333334
4 0.98203125 0.778125 0.0265625 0.11041666666666666
