20 0.22734375 0.35520833333333335 0.0484375 0.11041666666666666
50 0.27109375 0.371875 0.0328125 0.06458333333333334
53 0.30078125 0.359375 0.0265625 0.07291666666666667
40 0.3328125 0.36875 0.034375 0.07916666666666666
36 0.37109375 0.365625 0.0390625 0.08125
49 0.4109375 0.36666666666666664 0.04375 0.0875
29 0.475 0.353125 0.040625 0.09791666666666667
53 0.50625 0.359375 0.021875 0.08125
36 0.54140625 0.36041666666666666 0.0390625 0.08333333333333333
39 0.57890625 0.36354166666666665 0.0421875 0.10208333333333333
44 0.60625 0.359375 0.0125 0.08958333333333333
55 0.62421875 0.35520833333333335 0.0234375 0.07708333333333334
44 0.64375 0.359375 0.0125 0.11041666666666666
50 0.66875 0.36875 0.034375 0.07916666666666666
49 0.70625 0.3614583333333333 0.0375 0.06875
36 0.74453125 0.3645833333333333 0.0390625 0.08333333333333333
47 0.771875 0.3645833333333333 0.015625 0.1125
32 0.25546875 0.5010416666666667 0.0765625 0.11458333333333333
36 0.31015625 0.5197916666666667 0.0421875 0.08125
55 0.34453125 0.5104166666666666 0.0234375 0.1
40 0.3765625 0.525 0.034375 0.0875
53 0.409375 0.5239583333333333 0.028125 0.08541666666666667
22 0.4671875 0.5083333333333333 0.06875 0.10833333333333334
44 0.50859375 0.5135416666666667 0.0140625 0.11458333333333333
47 0.52109375 0.5135416666666667 0.0140625 0.10625
47 0.53515625 0.5135416666666667 0.0140625 0.10625
43 0.5859375 0.5041666666666667 0.04375 0.09583333333333334
50 0.6265625 0.5197916666666667 0.034375 0.08125
56 0.6625 0.5177083333333333 0.04375 0.07291666666666667
54 0.7015625 0.5135416666666667 0.025 0.06875
40 0.734375 0.5177083333333333 0.040625 0.08125
