4 0.60390625 0.359375 0.0421875 0.07291666666666667
7 0.640625 0.346875 0.034375 0.06458333333333334
1 0.67265625 0.3489583333333333 0.0234375 0.06875
2 0.74375 0.3458333333333333 0.034375 0.0625
3 0.778125 0.35 0.034375 0.075
2 0.80859375 0.346875 0.0390625 0.06041666666666667
0 0.8515625 0.33958333333333335 0.04375 0.07083333333333333
40 0.09375 0.353125 0.05 0.08958333333333333
12 0.13984375 0.33229166666666665 0.0546875 0.12291666666666666
50 0.19296875 0.33125 0.0453125 0.0875
54 0.23515625 0.33645833333333336 0.0390625 0.10208333333333333
58 0.28671875 0.32708333333333334 0.0578125 0.0875
36 0.3390625 0.32708333333333334 0.046875 0.0875
60 0.3953125 0.33645833333333336 0.065625 0.12708333333333333
