16 0.0796875 0.659375 0.075 0.12708333333333333
50 0.1484375 0.6635416666666667 0.059375 0.08125
50 0.21015625 0.6520833333333333 0.0609375 0.08333333333333333
39 0.275 0.6333333333333333 0.075 0.10416666666666667
27 0.371875 0.596875 0.08125 0.12708333333333333
44 0.4265625 0.5885416666666666 0.025 0.12291666666666666
38 0.46875 0.590625 0.05625 0.08541666666666667
40 0.53046875 0.5791666666666667 0.0640625 0.09166666666666666
12 0.63828125 0.54375 0.0953125 0.13333333333333333
36 0.71640625 0.5375 0.0578125 0.10416666666666667
46 0.78046875 0.51875 0.0671875 0.13333333333333333
40 0.85234375 0.509375 0.0765625 0.12291666666666666
15 0.0890625 0.5239583333333333 0.071875 0.11875
53 0.14296875 0.5260416666666666 0.0296875 0.10208333333333333
54 0.23984375 0.4979166666666667 0.0546875 0.09166666666666666
43 0.29609375 0.4822916666666667 0.0578125 0.10625
11 0.396875 0.4552083333333333 0.078125 0.11458333333333333
36 0.4625 0.44895833333333335 0.053125 0.11041666666666666
46 0.5203125 0.42916666666666664 0.06875 0.1125
40 0.5828125 0.4197916666666667 0.05625 0.09375
53 0.63125 0.40625 0.040625 0.0875
60 0.68046875 0.4041666666666667 0.0609375 0.125
40 0.18359375 0.5197916666666667 0.0515625 0.08958333333333333
