27 0.5 0.4239583333333333 0.14375 0.20208333333333334
18 0.196875 0.8229166666666666 0.04375 0.15416666666666667
49 0.240625 0.8416666666666667 0.04375 0.10833333333333334
54 0.28203125 0.8510416666666667 0.0390625 0.11041666666666666
55 0.3140625 0.846875 0.025 0.11041666666666666
44 0.3390625 0.8375 0.028125 0.12916666666666668
55 0.36796875 0.8375 0.0265625 0.125
56 0.40703125 0.8510416666666667 0.0484375 0.11458333333333333
55 0.440625 0.8479166666666667 0.03125 0.14166666666666666
40 0.48125 0.8510416666666667 0.046875 0.10208333333333333
27 0.5515625 0.8333333333333334 0.065625 0.14583333333333334
40 0.6046875 0.846875 0.040625 0.11458333333333333
51 0.6515625 0.865625 0.05 0.15625
50 0.7 0.8510416666666667 0.053125 0.12708333333333333
53 0.74609375 0.846875 0.0328125 0.13125
55 0.78203125 0.8395833333333333 0.0328125 0.12083333333333333
54 0.821875 0.8385416666666666 0.0375 0.11875
