5 0.14375 0.07916666666666666 0.0375 0.075
15 0.1765625 0.07708333333333334 0.028125 0.07916666666666666
25 0.2296875 0.08125 0.03125 0.07083333333333333
53 0.25625 0.08229166666666667 0.01875 0.06875
40 0.28046875 0.08541666666666667 0.0234375 0.0625
48 0.31171875 0.084375 0.0359375 0.06041666666666667
44 0.3375 0.08229166666666667 0.015625 0.07291666666666667
56 0.359375 0.08645833333333333 0.025 0.06458333333333334
48 0.39140625 0.08645833333333333 0.0359375 0.05625
11 0.44140625 0.08541666666666667 0.0296875 0.07083333333333333
40 0.46953125 0.084375 0.0265625 0.05625
40 0.4953125 0.0875 0.021875 0.058333333333333334
53 0.51953125 0.08645833333333333 0.0234375 0.05625
29 0.16875 0.209375 0.075 0.15208333333333332
17 0.24296875 0.21458333333333332 0.0765625 0.14166666666666666
14 0.31953125 0.2125 0.0796875 0.14583333333333334
29 0.44609375 0.22395833333333334 0.0703125 0.14791666666666667
14 0.51640625 0.21979166666666666 0.0640625 0.14791666666666667
10 0.58984375 0.215625 0.0859375 0.15625
22 0.68671875 0.221875 0.1015625 0.15625
