13 0.4828125 0.49583333333333335 0.109375 0.15
16 0.2328125 0.828125 0.05625 0.12291666666666666
40 0.278125 0.85 0.028125 0.0875
50 0.3109375 0.8395833333333333 0.034375 0.075
42 0.34609375 0.8604166666666667 0.0359375 0.12083333333333333
53 0.3796875 0.8416666666666667 0.03125 0.09166666666666666
36 0.41015625 0.8427083333333333 0.0296875 0.08541666666666667
51 0.4421875 0.859375 0.040625 0.13125
43 0.48046875 0.8322916666666667 0.0421875 0.11875
60 0.51875 0.8583333333333333 0.0375 0.125
22 0.596875 0.8302083333333333 0.06875 0.12291666666666666
36 0.6484375 0.840625 0.034375 0.08125
51 0.68515625 0.8604166666666667 0.0390625 0.12083333333333333
54 0.72109375 0.8395833333333333 0.0328125 0.0875
