10 0.4828125 0.33645833333333336 0.20625 0.20208333333333334
25 0.14921875 0.81875 0.1171875 0.21666666666666667
43 0.2421875 0.8114583333333333 0.084375 0.20625
44 0.30703125 0.815625 0.0515625 0.20625
47 0.35390625 0.8125 0.0453125 0.20833333333333334
50 0.41796875 0.8427083333333333 0.0796875 0.13958333333333334
54 0.48984375 0.840625 0.0703125 0.14375
50 0.565625 0.8364583333333333 0.08125 0.14375
51 0.65234375 0.8635416666666667 0.1015625 0.20208333333333334
43 0.74453125 0.8135416666666667 0.1015625 0.19375
60 0.81796875 0.8625 0.0765625 0.20833333333333334
