20 0.490625 0.40520833333333334 0.15625 0.22291666666666668
14 0.12109375 0.7989583333333333 0.0703125 0.17291666666666666
39 0.16953125 0.7979166666666667 0.0515625 0.175
56 0.203125 0.828125 0.040625 0.11458333333333333
38 0.240625 0.8302083333333333 0.034375 0.12291666666666666
36 0.27421875 0.8333333333333334 0.0328125 0.11666666666666667
55 0.303125 0.8239583333333333 0.028125 0.13958333333333334
44 0.328125 0.815625 0.01875 0.16041666666666668
50 0.3546875 0.828125 0.034375 0.11041666666666666
49 0.396875 0.8302083333333333 0.05 0.11041666666666666
10 0.46953125 0.815625 0.0609375 0.16458333333333333
53 0.515625 0.8302083333333333 0.034375 0.12291666666666666
55 0.5484375 0.825 0.025 0.14583333333333334
22 0.6234375 0.80625 0.071875 0.16666666666666666
40 0.68046875 0.8322916666666667 0.0421875 0.12708333333333333
39 0.715625 0.8052083333333333 0.0375 0.16458333333333333
44 0.7484375 0.8114583333333333 0.028125 0.16458333333333333
38 0.7765625 0.834375 0.03125 0.13125
44 0.79921875 0.8177083333333334 0.0265625 0.15208333333333332
49 0.83359375 0.828125 0.0453125 0.11875
40 0.88125 0.8333333333333334 0.046875 0.12916666666666668
