29 0.1765625 0.30833333333333335 0.08125 0.14166666666666666
43 0.24375 0.3125 0.06875 0.15416666666666667
40 0.315625 0.33541666666666664 0.065625 0.12083333333333333
11 0.40234375 0.30833333333333335 0.0796875 0.14166666666666666
40 0.4734375 0.3260416666666667 0.0625 0.11875
36 0.53203125 0.32916666666666666 0.0578125 0.11666666666666667
56 0.590625 0.33229166666666665 0.059375 0.11041666666666666
55 0.646875 0.321875 0.05625 0.12291666666666666
60 0.70546875 0.34479166666666666 0.0765625 0.15208333333333332
50 0.80546875 0.3302083333333333 0.0828125 0.11041666666666666
41 0.8765625 0.315625 0.05625 0.14791666666666667
20 0.55859375 0.4895833333333333 0.0859375 0.15416666666666667
24 0.6328125 0.4875 0.096875 0.14583333333333334
27 0.715625 0.48854166666666665 0.071875 0.13958333333333334
14 0.7796875 0.496875 0.059375 0.13958333333333334
10 0.8625 0.49895833333333334 0.10625 0.13125
