19 0.26640625 0.7135416666666666 0.0546875 0.14375
14 0.31484375 0.7072916666666667 0.0390625 0.10208333333333333
10 0.359375 0.7072916666666667 0.0625 0.10625
23 0.42109375 0.7135416666666666 0.0609375 0.10208333333333333
25 0.5 0.7104166666666667 0.05625 0.1
18 0.5453125 0.7145833333333333 0.034375 0.1125
14 0.5859375 0.7135416666666666 0.0375 0.10625
27 0.63515625 0.7145833333333333 0.0578125 0.09583333333333334
27 0.69140625 0.7177083333333333 0.0546875 0.08958333333333333
14 0.73984375 0.7302083333333333 0.0421875 0.08125
