16 0.5109375 0.5364583333333334 0.115625 0.14375
51 0.29609375 0.8697916666666666 0.0703125 0.11875
50 0.35078125 0.8875 0.0453125 0.08333333333333333
47 0.384375 0.8697916666666666 0.025 0.11875
44 0.4078125 0.871875 0.025 0.13541666666666666
55 0.43359375 0.871875 0.0265625 0.11041666666666666
44 0.459375 0.8791666666666667 0.021875 0.1375
38 0.4875 0.8864583333333333 0.034375 0.09791666666666667
54 0.5234375 0.8885416666666667 0.040625 0.11041666666666666
21 0.6078125 0.875 0.0625 0.12083333333333333
36 0.6609375 0.8854166666666666 0.040625 0.08333333333333333
58 0.709375 0.8822916666666667 0.075 0.08125
