20 0.17890625 0.728125 0.0515625 0.09791666666666667
53 0.215625 0.7333333333333333 0.021875 0.07916666666666666
36 0.246875 0.73125 0.034375 0.0875
61 0.2796875 0.7270833333333333 0.040625 0.08333333333333333
40 0.31953125 0.7260416666666667 0.0359375 0.08958333333333333
37 0.37265625 0.7083333333333334 0.0515625 0.10416666666666667
56 0.41796875 0.70625 0.0390625 0.08333333333333333
53 0.45546875 0.7041666666666667 0.0328125 0.075
42 0.48984375 0.715625 0.0390625 0.09791666666666667
40 0.5328125 0.696875 0.046875 0.06875
53 0.56953125 0.6895833333333333 0.0296875 0.075
54 0.6046875 0.6885416666666667 0.040625 0.08541666666666667
