15 0.30703125 0.66875 0.0421875 0.075
47 0.3359375 0.6677083333333333 0.015625 0.07291666666666667
50 0.35703125 0.678125 0.0265625 0.04791666666666667
58 0.390625 0.678125 0.040625 0.04375
40 0.42265625 0.671875 0.0203125 0.052083333333333336
53 0.44296875 0.6708333333333333 0.0265625 0.04583333333333333
13 0.484375 0.66875 0.053125 0.08333333333333333
36 0.5234375 0.671875 0.03125 0.052083333333333336
60 0.55390625 0.6802083333333333 0.0328125 0.07708333333333334
4 0.19375 0.7958333333333333 0.053125 0.08333333333333333
7 0.28984375 0.796875 0.0453125 0.08958333333333333
1 0.3796875 0.7979166666666667 0.05 0.075
0 0.465625 0.7947916666666667 0.059375 0.07708333333333334
0 0.56640625 0.790625 0.0484375 0.08958333333333333
9 0.65859375 0.7927083333333333 0.0515625 0.08125
5 0.75546875 0.7927083333333333 0.0453125 0.08541666666666667
