5 0.57578125 0.5104166666666666 0.1109375 0.15833333333333333
19 0.24921875 0.6302083333333334 0.0609375 0.10625
40 0.3 0.6291666666666667 0.040625 0.09583333333333334
50 0.34375 0.6385416666666667 0.046875 0.08125
49 0.3875 0.6395833333333333 0.040625 0.09166666666666666
48 0.43671875 0.65 0.0578125 0.09166666666666666
44 0.4765625 0.6447916666666667 0.025 0.09375
49 0.50703125 0.6520833333333333 0.0328125 0.09583333333333334
5 0.54609375 0.6510416666666666 0.0484375 0.10208333333333333
50 0.61640625 0.6635416666666667 0.0453125 0.09791666666666667
42 0.70546875 0.684375 0.0390625 0.11041666666666666
44 0.734375 0.6635416666666667 0.021875 0.10208333333333333
47 0.75546875 0.665625 0.0234375 0.10625
