12 0.13828125 0.2916666666666667 0.0859375 0.15416666666666667
12 0.23203125 0.290625 0.1046875 0.15208333333333332
29 0.32421875 0.28958333333333336 0.0890625 0.1625
31 0.4125 0.28541666666666665 0.10625 0.16666666666666666
1 0.23671875 0.471875 0.0546875 0.13541666666666666
5 0.2921875 0.4739583333333333 0.053125 0.13541666666666666
8 0.3453125 0.46458333333333335 0.059375 0.12916666666666668
8 0.4015625 0.46041666666666664 0.053125 0.125
6 0.50703125 0.4666666666666667 0.0640625 0.12083333333333333
4 0.56484375 0.46041666666666664 0.0546875 0.11666666666666667
0 0.61953125 0.46145833333333336 0.0578125 0.11041666666666666
0 0.6765625 0.4666666666666667 0.05625 0.11666666666666667
