21 0.34765625 0.6385416666666667 0.0359375 0.07708333333333334
44 0.37578125 0.6364583333333333 0.0203125 0.08958333333333333
37 0.40390625 0.6354166666666666 0.0265625 0.0875
53 0.43125 0.6385416666666667 0.028125 0.08125
36 0.46015625 0.6447916666666667 0.0359375 0.07291666666666667
53 0.490625 0.6385416666666667 0.021875 0.07708333333333334
60 0.52109375 0.6489583333333333 0.0359375 0.09791666666666667
11 0.58046875 0.6395833333333333 0.0328125 0.0875
50 0.615625 0.6364583333333333 0.040625 0.08958333333333333
50 0.65703125 0.646875 0.0390625 0.06041666666666667
46 0.69453125 0.6375 0.0390625 0.09166666666666666
40 0.54453125 0.7447916666666666 0.0296875 0.07291666666666667
51 0.57890625 0.75 0.0359375 0.09583333333333334
27 0.50625 0.7333333333333333 0.05 0.0875
50 0.61328125 0.7354166666666667 0.0453125 0.07083333333333333
53 0.646875 0.7354166666666667 0.025 0.075
55 0.6734375 0.7375 0.028125 0.07916666666666666
54 0.70234375 0.7395833333333334 0.0328125 0.07083333333333333
