16 0.2078125 0.375 0.190625 0.22916666666666666
36 0.3734375 0.4083333333333333 0.140625 0.19166666666666668
53 0.4953125 0.40729166666666666 0.10625 0.19375
55 0.5875 0.39375 0.078125 0.2
40 0.690625 0.41458333333333336 0.128125 0.15833333333333333
49 0.8296875 0.41770833333333335 0.15625 0.15625
4 0.590625 0.5395833333333333 0.034375 0.058333333333333334
7 0.62109375 0.5354166666666667 0.0234375 0.0625
1 0.64375 0.5395833333333333 0.01875 0.07083333333333333
7 0.690625 0.5427083333333333 0.025 0.07291666666666667
1 0.715625 0.5395833333333333 0.028125 0.07083333333333333
5 0.7421875 0.5395833333333333 0.021875 0.06666666666666667
5 0.76875 0.5447916666666667 0.03125 0.06875
