21 0.05546875 0.2989583333333333 0.0265625 0.052083333333333336
14 0.0765625 0.29791666666666666 0.01875 0.05416666666666667
14 0.0953125 0.2989583333333333 0.01875 0.052083333333333336
22 0.125 0.29375 0.034375 0.05
18 0.14765625 0.296875 0.0109375 0.052083333333333336
27 0.171875 0.29375 0.01875 0.05
10 0.1890625 0.28854166666666664 0.025 0.04791666666666667
23 0.21328125 0.290625 0.0234375 0.04791666666666667
15 0.053125 0.35104166666666664 0.028125 0.04375
21 0.075 0.35104166666666664 0.015625 0.04791666666666667
24 0.09453125 0.3458333333333333 0.0203125 0.041666666666666664
32 0.11875 0.34375 0.028125 0.04583333333333333
14 0.1421875 0.34375 0.01875 0.04583333333333333
27 0.16328125 0.3416666666666667 0.0203125 0.05
25 0.253125 0.334375 0.021875 0.04791666666666667
28 0.190625 0.3416666666666667 0.021875 0.04583333333333333
17 0.2109375 0.334375 0.01875 0.03958333333333333
24 0.23125 0.3333333333333333 0.021875 0.0375
