2 0.9015625 0.246875 0.0375 0.03958333333333333
15 0.9421875 0.253125 0.046875 0.04791666666666667
4 0.403125 0.609375 0.053125 0.06041666666666667
7 0.44765625 0.6114583333333333 0.0328125 0.05625
2 0.484375 0.6083333333333333 0.040625 0.05
5 0.56328125 0.60625 0.0390625 0.05
0 0.60390625 0.6052083333333333 0.0421875 0.05625
5 0.64375 0.60625 0.0375 0.05416666666666667
0 0.6828125 0.603125 0.040625 0.052083333333333336
2 0.91953125 0.6010416666666667 0.0453125 0.06458333333333334
15 0.96015625 0.5989583333333334 0.0265625 0.06041666666666667
