29 0.5171875 0.33541666666666664 0.034375 0.07083333333333333
4 0.5640625 0.33229166666666665 0.0375 0.06875
7 0.596875 0.32916666666666666 0.025 0.06666666666666667
1 0.61953125 0.3333333333333333 0.0203125 0.075
5 0.6734375 0.328125 0.03125 0.07291666666666667
2 0.7015625 0.328125 0.034375 0.07708333333333334
9 0.734375 0.328125 0.028125 0.07291666666666667
2 0.76484375 0.321875 0.0328125 0.06875
3 0.86328125 0.31979166666666664 0.0453125 0.07291666666666667
15 0.909375 0.31979166666666664 0.046875 0.08958333333333333
