11 0.25078125 0.9052083333333333 0.0453125 0.08125
10 0.296875 0.9010416666666666 0.046875 0.07291666666666667
27 0.340625 0.903125 0.040625 0.06875
27 0.44609375 0.909375 0.0453125 0.06458333333333334
40 0.490625 0.9145833333333333 0.040625 0.05416666666666667
54 0.525 0.909375 0.03125 0.05625
55 0.55234375 0.9020833333333333 0.0265625 0.075
36 0.58828125 0.90625 0.0453125 0.0625
56 0.6328125 0.9052083333333333 0.046875 0.07291666666666667
53 0.66640625 0.9052083333333333 0.0234375 0.06458333333333334
36 0.7015625 0.9041666666666667 0.05 0.06666666666666667
49 0.74921875 0.9 0.0390625 0.07083333333333333
55 0.78125 0.9020833333333333 0.025 0.08333333333333333
