20 0.0890625 0.11458333333333333 0.08125 0.1375
50 0.15703125 0.128125 0.0609375 0.09375
53 0.21015625 0.128125 0.0453125 0.08541666666666667
40 0.26640625 0.12708333333333333 0.0546875 0.0875
36 0.32265625 0.12708333333333333 0.0578125 0.09583333333333334
49 0.384375 0.11979166666666667 0.065625 0.09375
15 0.48359375 0.10208333333333333 0.0671875 0.125
50 0.5421875 0.1125 0.0625 0.11666666666666667
47 0.5890625 0.10104166666666667 0.040625 0.13125
46 0.63984375 0.1 0.0671875 0.125
55 0.696875 0.09791666666666667 0.05 0.125
36 0.74921875 0.1 0.0484375 0.10833333333333334
47 0.7921875 0.09166666666666666 0.04375 0.12916666666666668
40 0.84375 0.10520833333333333 0.0625 0.10625
54 0.9015625 0.09895833333333333 0.059375 0.13541666666666666
