24 0.12578125 0.26875 0.0703125 0.10833333333333334
39 0.17890625 0.253125 0.0421875 0.08125
60 0.21875 0.27291666666666664 0.034375 0.10416666666666667
54 0.2515625 0.2635416666666667 0.03125 0.06041666666666667
54 0.28125 0.2677083333333333 0.028125 0.06041666666666667
40 0.31328125 0.25833333333333336 0.0359375 0.05416666666666667
60 0.35234375 0.2760416666666667 0.0453125 0.08541666666666667
11 0.48984375 0.19375 0.1734375 0.24166666666666667
10 0.66875 0.19479166666666667 0.190625 0.2520833333333333
27 0.853125 0.2 0.1875 0.25833333333333336
