29 0.48984375 0.6385416666666667 0.0421875 0.07291666666666667
14 0.5203125 0.6333333333333333 0.01875 0.075
21 0.540625 0.6333333333333333 0.021875 0.06666666666666667
4 0.56875 0.63125 0.028125 0.06666666666666667
8 0.59296875 0.6322916666666667 0.0203125 0.07291666666666667
3 0.615625 0.6322916666666667 0.021875 0.06875
1 0.64765625 0.6364583333333333 0.0234375 0.07291666666666667
2 0.67578125 0.6375 0.0234375 0.07083333333333333
9 0.69765625 0.6395833333333333 0.0171875 0.07083333333333333
5 0.7234375 0.6385416666666667 0.03125 0.07708333333333334
