58 0.1234375 0.34270833333333334 0.06875 0.08958333333333333
58 0.1875 0.34270833333333334 0.059375 0.09375
58 0.2453125 0.35 0.05625 0.1
38 0.29921875 0.3416666666666667 0.0328125 0.075
43 0.334375 0.34270833333333334 0.0375 0.08541666666666667
44 0.36015625 0.3333333333333333 0.0140625 0.08333333333333333
45 0.375 0.34479166666666666 0.015625 0.10625
44 0.3890625 0.32916666666666666 0.015625 0.08333333333333333
47 0.4046875 0.33958333333333335 0.015625 0.1
38 0.440625 0.334375 0.040625 0.07291666666666667
50 0.47734375 0.3458333333333333 0.0328125 0.0625
48 0.52421875 0.3416666666666667 0.0546875 0.07083333333333333
29 0.596875 0.340625 0.034375 0.07291666666666667
4 0.646875 0.34375 0.03125 0.075
8 0.675 0.34375 0.021875 0.06666666666666667
6 0.70078125 0.34270833333333334 0.0265625 0.07291666666666667
6 0.746875 0.3458333333333333 0.028125 0.06666666666666667
1 0.77265625 0.34270833333333334 0.0203125 0.06875
0 0.7984375 0.33958333333333335 0.028125 0.07083333333333333
0 0.8296875 0.3416666666666667 0.028125 0.075
3 0.89921875 0.340625 0.0296875 0.07291666666666667
15 0.93046875 0.33541666666666664 0.0328125 0.07916666666666666
