29 0.2984375 0.846875 0.0375 0.07291666666666667
40 0.3359375 0.85625 0.0375 0.0625
47 0.36796875 0.846875 0.0265625 0.06458333333333334
4 0.428125 0.8489583333333334 0.040625 0.07291666666666667
8 0.46875 0.8458333333333333 0.040625 0.07083333333333333
8 0.50859375 0.8520833333333333 0.0390625 0.07916666666666666
4 0.596875 0.8552083333333333 0.0375 0.08125
3 0.6375 0.8583333333333333 0.046875 0.09583333333333334
4 0.6765625 0.8541666666666666 0.03125 0.075
0 0.71640625 0.8552083333333333 0.0484375 0.07708333333333334
