2 0.36171875 0.8208333333333333 0.1015625 0.1125
15 0.465625 0.8270833333333333 0.109375 0.12083333333333333
13 0.27109375 0.7072916666666667 0.0546875 0.08125
24 0.3234375 0.703125 0.05 0.07708333333333334
24 0.36953125 0.7 0.0515625 0.08333333333333333
23 0.41875 0.6979166666666666 0.04375 0.08333333333333333
16 0.4640625 0.7041666666666667 0.04375 0.0625
16 0.528125 0.6958333333333333 0.046875 0.075
18 0.56484375 0.6916666666666667 0.0234375 0.07083333333333333
12 0.2953125 0.41354166666666664 0.090625 0.13125
36 0.38359375 0.415625 0.0765625 0.10625
41 0.465625 0.4114583333333333 0.08125 0.13125
40 0.54609375 0.42083333333333334 0.0828125 0.10416666666666667
