1 0.196875 0.45208333333333334 0.05 0.09583333333333334
5 0.24375 0.4635416666666667 0.05 0.12291666666666666
8 0.29453125 0.446875 0.0546875 0.11875
8 0.3484375 0.44895833333333335 0.05 0.13125
9 0.42578125 0.478125 0.0515625 0.12291666666666666
9 0.47890625 0.48125 0.0484375 0.125
8 0.52734375 0.4583333333333333 0.0515625 0.10833333333333334
8 0.58203125 0.46145833333333336 0.0546875 0.11875
58 0.2 0.33125 0.075 0.09166666666666666
58 0.26796875 0.32395833333333335 0.0578125 0.08541666666666667
58 0.3296875 0.32916666666666666 0.0625 0.07916666666666666
44 0.3828125 0.33229166666666665 0.03125 0.08958333333333333
47 0.409375 0.3333333333333333 0.025 0.1
50 0.44609375 0.34270833333333334 0.0484375 0.08125
42 0.49453125 0.353125 0.0484375 0.10625
40 0.54140625 0.346875 0.0453125 0.08541666666666667
49 0.58671875 0.35104166666666664 0.0453125 0.07708333333333334
38 0.65390625 0.3489583333333333 0.0546875 0.08541666666666667
50 0.703125 0.35104166666666664 0.04375 0.09375
48 0.76328125 0.35625 0.0828125 0.0875
