10 0.115625 0.834375 0.06875 0.08541666666666667
17 0.19609375 0.8375 0.0546875 0.1
36 0.246875 0.8458333333333333 0.040625 0.07916666666666666
49 0.29296875 0.8520833333333333 0.0515625 0.0875
39 0.33984375 0.8520833333333333 0.0453125 0.09166666666666666
37 0.38671875 0.85 0.0515625 0.10416666666666667
50 0.43671875 0.8583333333333333 0.0578125 0.08333333333333333
50 0.4875 0.8604166666666667 0.046875 0.07916666666666666
46 0.53515625 0.8572916666666667 0.0546875 0.09791666666666667
50 0.6109375 0.86875 0.046875 0.07083333333333333
41 0.653125 0.8541666666666666 0.040625 0.1125
46 0.71796875 0.8583333333333333 0.0546875 0.1
50 0.7703125 0.8729166666666667 0.05 0.08333333333333333
53 0.815625 0.8666666666666667 0.040625 0.08333333333333333
40 0.85859375 0.8729166666666667 0.0453125 0.0875
36 0.90859375 0.8677083333333333 0.0484375 0.08541666666666667
