25 0.17265625 0.253125 0.1140625 0.17708333333333334
10 0.27734375 0.24791666666666667 0.1171875 0.1625
27 0.39453125 0.24479166666666666 0.1171875 0.17291666666666666
20 0.509375 0.24791666666666667 0.109375 0.15
18 0.59375 0.25 0.059375 0.1625
23 0.6875 0.253125 0.125 0.18125
16 0.815625 0.25416666666666665 0.1375 0.19583333333333333
2 0.6046875 0.49166666666666664 0.059375 0.10416666666666667
1 0.67890625 0.49270833333333336 0.0484375 0.10625
22 0.74765625 0.4864583333333333 0.0921875 0.11041666666666666
