31 0.134375 0.6041666666666666 0.071875 0.12083333333333333
14 0.1984375 0.6072916666666667 0.059375 0.13125
27 0.2578125 0.5979166666666667 0.05625 0.12083333333333333
24 0.31953125 0.5989583333333334 0.0671875 0.12291666666666666
14 0.59296875 0.578125 0.0640625 0.13125
54 0.6515625 0.5979166666666667 0.05 0.10416666666666667
51 0.70625 0.6104166666666667 0.05625 0.13333333333333333
53 0.75390625 0.5864583333333333 0.0390625 0.09375
40 0.8 0.5895833333333333 0.053125 0.1
54 0.84921875 0.5875 0.0453125 0.09583333333333334
54 0.89453125 0.5854166666666667 0.0453125 0.10416666666666667
50 0.94453125 0.58125 0.0515625 0.10416666666666667
