28 0.1734375 0.3625 0.084375 0.15416666666666667
10 0.25625 0.3645833333333333 0.084375 0.14166666666666666
23 0.3421875 0.3614583333333333 0.096875 0.14375
13 0.4375 0.3572916666666667 0.090625 0.13541666666666666
32 0.5421875 0.35520833333333335 0.11875 0.13541666666666666
18 0.61796875 0.353125 0.0359375 0.13958333333333334
12 0.684375 0.346875 0.09375 0.13958333333333334
17 0.7796875 0.359375 0.096875 0.16458333333333333
12 0.184375 0.55 0.103125 0.14583333333333334
24 0.28671875 0.546875 0.1015625 0.14791666666666667
15 0.3734375 0.546875 0.078125 0.16041666666666668
15 0.44921875 0.5416666666666666 0.0796875 0.1625
14 0.528125 0.5354166666666667 0.075 0.1625
14 0.6046875 0.5364583333333334 0.078125 0.16875
