2 0.1125 0.43645833333333334 0.03125 0.09791666666666667
4 0.1453125 0.43125 0.034375 0.08333333333333333
29 0.278125 0.9239583333333333 0.06875 0.08541666666666667
4 0.3609375 0.9197916666666667 0.0375 0.08958333333333333
8 0.40234375 0.921875 0.0421875 0.10208333333333333
8 0.44921875 0.9177083333333333 0.0453125 0.09791666666666667
0 0.53828125 0.921875 0.0484375 0.08541666666666667
5 0.5828125 0.9208333333333333 0.04375 0.1
0 0.62734375 0.9208333333333333 0.0484375 0.08333333333333333
8 0.67734375 0.925 0.0453125 0.09166666666666666
