29 0.23828125 0.39895833333333336 0.0484375 0.09791666666666667
56 0.28671875 0.41354166666666664 0.0421875 0.07291666666666667
53 0.31953125 0.41041666666666665 0.0203125 0.07916666666666666
55 0.34453125 0.409375 0.0296875 0.09375
47 0.36796875 0.40625 0.0171875 0.09583333333333334
40 0.4 0.41770833333333335 0.04375 0.06875
28 0.4640625 0.40208333333333335 0.046875 0.1125
43 0.50703125 0.41041666666666665 0.0390625 0.08333333333333333
44 0.53515625 0.40729166666666666 0.0171875 0.08541666666666667
51 0.56875 0.43333333333333335 0.05 0.10416666666666667
16 0.19296875 0.5458333333333333 0.0546875 0.1125
40 0.2453125 0.5583333333333333 0.04375 0.08333333333333333
50 0.290625 0.5552083333333333 0.040625 0.07291666666666667
37 0.3578125 0.5510416666666667 0.05 0.08541666666666667
56 0.40546875 0.5541666666666667 0.0421875 0.0875
46 0.45 0.5541666666666667 0.04375 0.09166666666666666
28 0.51171875 0.5572916666666666 0.0453125 0.10208333333333333
40 0.55625 0.565625 0.046875 0.07708333333333334
50 0.6 0.5604166666666667 0.040625 0.075
49 0.64375 0.5666666666666667 0.05625 0.075
