11 0.2328125 0.34479166666666666 0.028125 0.08958333333333333
10 0.25859375 0.3385416666666667 0.0265625 0.08125
27 0.2890625 0.340625 0.0375 0.08541666666666667
16 0.37421875 0.578125 0.1046875 0.31875
36 0.47265625 0.6135416666666667 0.0921875 0.21041666666666667
47 0.5484375 0.5802083333333333 0.059375 0.30625
47 0.60703125 0.5625 0.0609375 0.2916666666666667
40 0.68359375 0.6 0.0796875 0.2125
53 0.7671875 0.6010416666666667 0.0875 0.21041666666666667
60 0.865625 0.6458333333333334 0.10625 0.29583333333333334
