24 0.39921875 0.20104166666666667 0.0609375 0.06875
53 0.440625 0.20208333333333334 0.021875 0.05
36 0.46875 0.2 0.03125 0.0625
49 0.50390625 0.20104166666666667 0.0359375 0.05625
42 0.540625 0.20729166666666668 0.0375 0.07708333333333334
40 0.58125 0.2 0.04375 0.058333333333333334
28 0.41875 0.26666666666666666 0.0375 0.0625
38 0.45234375 0.2677083333333333 0.0296875 0.06041666666666667
43 0.48125 0.26666666666666666 0.03125 0.0625
50 0.515625 0.2677083333333333 0.03125 0.04375
50 0.5453125 0.2708333333333333 0.025 0.03333333333333333
47 0.56953125 0.2635416666666667 0.0234375 0.06458333333333334
7 0.453125 0.80625 0.115625 0.19583333333333333
15 0.55546875 0.8145833333333333 0.0828125 0.19166666666666668
