14 0.71640625 0.5177083333333333 0.0765625 0.13958333333333334
27 0.79453125 0.5239583333333333 0.0765625 0.13125
10 0.87734375 0.5302083333333333 0.0890625 0.13958333333333334
23 0.4203125 0.7375 0.06875 0.11666666666666667
40 0.47421875 0.7489583333333333 0.0359375 0.07708333333333334
58 0.525 0.7520833333333333 0.0625 0.075
14 0.59296875 0.7479166666666667 0.0515625 0.09583333333333334
53 0.63203125 0.759375 0.0296875 0.08541666666666667
36 0.66953125 0.765625 0.0421875 0.08125
15 0.72109375 0.7489583333333333 0.0546875 0.09791666666666667
44 0.75703125 0.7552083333333334 0.0171875 0.10625
55 0.78046875 0.7541666666666667 0.0296875 0.10416666666666667
54 0.8140625 0.765625 0.046875 0.09375
23 0.7109375 0.37916666666666665 0.0875 0.13333333333333333
14 0.78984375 0.384375 0.0703125 0.13958333333333334
32 0.86796875 0.38645833333333335 0.0890625 0.13958333333333334
