24 0.10625 0.4427083333333333 0.05625 0.08958333333333333
30 0.1640625 0.4427083333333333 0.05625 0.08125
29 0.2109375 0.4479166666666667 0.0375 0.09166666666666666
18 0.82578125 0.45729166666666665 0.0234375 0.09375
23 0.89375 0.4583333333333333 0.078125 0.1
2 0.83203125 0.2833333333333333 0.0265625 0.058333333333333334
3 0.8671875 0.284375 0.021875 0.05625
48 0.89921875 0.2875 0.0390625 0.058333333333333334
25 0.1703125 0.28541666666666665 0.090625 0.15416666666666667
2 0.18359375 0.3302083333333333 0.0390625 0.04791666666666667
12 0.43515625 0.31666666666666665 0.0453125 0.09583333333333334
12 0.4765625 0.3145833333333333 0.0375 0.09166666666666666
29 0.51171875 0.31354166666666666 0.0328125 0.10208333333333333
31 0.54609375 0.3125 0.0359375 0.10416666666666667
