18 0.1125 0.8322916666666667 0.053125 0.16458333333333333
23 0.171875 0.8333333333333334 0.08125 0.17083333333333334
15 0.253125 0.8260416666666667 0.078125 0.17291666666666666
24 0.33671875 0.8291666666666667 0.0859375 0.1625
27 0.4171875 0.8302083333333333 0.08125 0.16458333333333333
22 0.50703125 0.8302083333333333 0.0953125 0.16458333333333333
10 0.60078125 0.8270833333333333 0.0984375 0.16666666666666666
29 0.68359375 0.8302083333333333 0.0703125 0.17291666666666666
18 0.7359375 0.8375 0.0375 0.175
24 0.7921875 0.8333333333333334 0.078125 0.17916666666666667
23 0.871875 0.8239583333333333 0.06875 0.16875
