22 0.596875 0.48333333333333334 0.10625 0.19583333333333333
10 0.69453125 0.48020833333333335 0.0953125 0.18541666666666667
27 0.7796875 0.48020833333333335 0.08125 0.18125
29 0.85234375 0.4864583333333333 0.0734375 0.18958333333333333
4 0.4765625 0.6833333333333333 0.046875 0.09583333333333334
7 0.515625 0.68125 0.034375 0.10416666666666667
1 0.546875 0.6760416666666667 0.028125 0.10208333333333333
0 0.61953125 0.675 0.0390625 0.10416666666666667
6 0.65859375 0.6739583333333333 0.0359375 0.09791666666666667
1 0.6890625 0.671875 0.028125 0.09375
2 0.72421875 0.6729166666666667 0.0421875 0.10416666666666667
36 0.85625 0.6708333333333333 0.034375 0.09166666666666666
