28 0.2375 0.8697916666666666 0.071875 0.12708333333333333
51 0.3 0.8958333333333334 0.053125 0.14583333333333334
40 0.35078125 0.890625 0.0609375 0.13125
38 0.3984375 0.8833333333333333 0.0375 0.11666666666666667
44 0.434375 0.8760416666666667 0.025 0.13958333333333334
36 0.47109375 0.88125 0.0421875 0.10416666666666667
47 0.51015625 0.871875 0.0328125 0.13958333333333334
3 0.3390625 0.234375 0.153125 0.24791666666666667
6 0.50859375 0.23020833333333332 0.1984375 0.24375
5 0.6671875 0.321875 0.20625 0.25625
