4 0.1265625 0.6333333333333333 0.046875 0.06666666666666667
15 0.171875 0.6322916666666667 0.04375 0.06875
29 0.31796875 0.6447916666666667 0.0546875 0.05625
4 0.36796875 0.640625 0.0421875 0.06458333333333334
8 0.403125 0.6364583333333333 0.028125 0.06458333333333334
3 0.4375 0.6395833333333333 0.040625 0.0625
1 0.4921875 0.640625 0.025 0.06041666666666667
0 0.525 0.6385416666666667 0.040625 0.06041666666666667
8 0.56171875 0.6385416666666667 0.0328125 0.06875
2 0.6 0.6364583333333333 0.0375 0.06458333333333334
3 0.6671875 0.640625 0.05625 0.05625
