47 0.2421875 0.08958333333333333 0.025 0.125
50 0.28359375 0.1125 0.0578125 0.10416666666666667
57 0.33671875 0.10104166666666667 0.0390625 0.08958333333333333
44 0.3734375 0.10729166666666666 0.015625 0.10625
49 0.409375 0.11145833333333334 0.053125 0.07708333333333334
42 0.4625 0.12708333333333333 0.053125 0.12083333333333333
43 0.56796875 0.10104166666666667 0.0609375 0.11875
50 0.62578125 0.11354166666666667 0.0421875 0.08958333333333333
48 0.6859375 0.115625 0.075 0.08958333333333333
40 0.75234375 0.12291666666666666 0.0609375 0.10416666666666667
13 0.35859375 0.33958333333333335 0.0828125 0.15416666666666667
36 0.42890625 0.3458333333333333 0.0546875 0.10416666666666667
44 0.4734375 0.34375 0.025 0.125
61 0.51171875 0.359375 0.0515625 0.08125
37 0.56796875 0.35625 0.0453125 0.1
36 0.609375 0.3572916666666667 0.04375 0.08541666666666667
37 0.65546875 0.35208333333333336 0.0421875 0.09583333333333334
60 0.7 0.36875 0.04375 0.09583333333333334
