20 0.234375 0.4239583333333333 0.046875 0.09375
30 0.2796875 0.42291666666666666 0.05 0.09166666666666666
22 0.33203125 0.42083333333333334 0.0578125 0.0875
17 0.38359375 0.4197916666666667 0.0421875 0.08541666666666667
24 0.42890625 0.42083333333333334 0.0484375 0.09583333333333334
29 0.48046875 0.41770833333333335 0.0546875 0.09791666666666667
18 0.51640625 0.415625 0.0140625 0.10208333333333333
27 0.54453125 0.421875 0.0421875 0.08958333333333333
14 0.58203125 0.42083333333333334 0.0421875 0.08333333333333333
28 0.62578125 0.421875 0.0515625 0.09375
20 0.175 0.6041666666666666 0.059375 0.09583333333333334
24 0.23203125 0.596875 0.0609375 0.11041666666666666
27 0.2890625 0.59375 0.05 0.1125
14 0.3359375 0.5916666666666667 0.05 0.10833333333333334
10 0.3890625 0.5979166666666667 0.05 0.10833333333333334
14 0.45 0.6 0.05625 0.1125
33 0.5046875 0.6010416666666667 0.053125 0.11041666666666666
25 0.5578125 0.6 0.053125 0.1125
27 0.6109375 0.6010416666666667 0.05625 0.11875
14 0.665625 0.6010416666666667 0.04375 0.11458333333333333
28 0.71171875 0.596875 0.0484375 0.10625
28 0.76328125 0.6041666666666666 0.0546875 0.1125
