29 0.43671875 0.40208333333333335 0.0453125 0.1
40 0.48046875 0.415625 0.0421875 0.08125
47 0.51640625 0.4041666666666667 0.0234375 0.1
4 0.59765625 0.39375 0.0484375 0.1
8 0.64375 0.39791666666666664 0.046875 0.1
9 0.69296875 0.3958333333333333 0.0515625 0.09166666666666666
9 0.775 0.3927083333333333 0.053125 0.11041666666666666
0 0.8296875 0.390625 0.05625 0.10625
6 0.88046875 0.39375 0.0515625 0.1
8 0.934375 0.39166666666666666 0.053125 0.0875
2 0.2515625 0.41770833333333335 0.046875 0.08125
