6 0.50625 0.715625 0.371875 0.44375
22 0.21015625 0.359375 0.0484375 0.09375
36 0.2484375 0.3625 0.03125 0.07083333333333333
49 0.28359375 0.3625 0.0296875 0.07916666666666666
49 0.315625 0.3625 0.034375 0.075
60 0.353125 0.371875 0.034375 0.10208333333333333
40 0.38515625 0.3645833333333333 0.0359375 0.07083333333333333
50 0.42265625 0.36770833333333336 0.0328125 0.07708333333333334
49 0.4546875 0.36875 0.03125 0.07083333333333333
43 0.48984375 0.3625 0.0359375 0.1
36 0.52578125 0.37083333333333335 0.0359375 0.075
46 0.56015625 0.3625 0.0296875 0.09166666666666666
42 0.5921875 0.375 0.0375 0.09583333333333334
60 0.6234375 0.38229166666666664 0.034375 0.10208333333333333
50 0.66015625 0.37395833333333334 0.0328125 0.07291666666666667
42 0.71328125 0.39166666666666666 0.0359375 0.09583333333333334
44 0.7390625 0.3729166666666667 0.015625 0.0875
47 0.76015625 0.36875 0.0265625 0.07916666666666666
