29 0.1390625 0.43854166666666666 0.084375 0.18958333333333333
40 0.21328125 0.45729166666666665 0.0578125 0.14375
47 0.2625 0.4354166666666667 0.040625 0.19166666666666668
4 0.35390625 0.43854166666666666 0.0828125 0.17708333333333334
8 0.43125 0.4395833333333333 0.06875 0.18333333333333332
9 0.496875 0.4427083333333333 0.0625 0.19375
0 0.6359375 0.44479166666666664 0.071875 0.18541666666666667
5 0.7015625 0.44375 0.05625 0.1875
7 0.7609375 0.4427083333333333 0.065625 0.19791666666666666
2 0.821875 0.44583333333333336 0.0625 0.17916666666666667
1 0.68671875 0.615625 0.0328125 0.10625
