22 0.171875 0.8697916666666666 0.128125 0.12291666666666666
24 0.278125 0.8833333333333333 0.09375 0.10416666666666667
29 0.3640625 0.8885416666666667 0.078125 0.11875
24 0.44609375 0.8895833333333333 0.0890625 0.12083333333333333
27 0.534375 0.884375 0.1 0.13125
24 0.62890625 0.8979166666666667 0.0953125 0.1375
21 0.70859375 0.890625 0.0609375 0.12291666666666666
10 0.78828125 0.896875 0.1015625 0.13958333333333334
10 0.27578125 0.359375 0.0984375 0.15625
49 0.35703125 0.37604166666666666 0.0734375 0.13541666666666666
60 0.42421875 0.38645833333333335 0.0578125 0.16875
38 0.4796875 0.365625 0.059375 0.11875
36 0.540625 0.3614583333333333 0.059375 0.11458333333333333
47 0.584375 0.36041666666666666 0.034375 0.14166666666666666
47 0.615625 0.353125 0.034375 0.13958333333333334
12 0.44140625 0.6197916666666666 0.0890625 0.14375
34 0.5265625 0.6229166666666667 0.08125 0.1625
24 0.6171875 0.6302083333333334 0.1 0.13125
23 0.7125 0.6270833333333333 0.0875 0.15416666666666667
