4 0.8609375 0.415625 0.034375 0.09375
8 0.88828125 0.4125 0.0265625 0.09166666666666666
6 0.91484375 0.4114583333333333 0.0296875 0.08541666666666667
6 0.88359375 0.490625 0.0390625 0.06458333333333334
1 0.91796875 0.49375 0.0234375 0.07916666666666666
2 0.94140625 0.49270833333333336 0.0328125 0.07708333333333334
1 0.96796875 0.496875 0.0171875 0.08125
29 0.43515625 0.9145833333333333 0.0234375 0.0625
4 0.46484375 0.9177083333333333 0.0234375 0.06041666666666667
8 0.4875 0.9135416666666667 0.021875 0.06458333333333334
7 0.5078125 0.9135416666666667 0.01875 0.06041666666666667
3 0.54921875 0.9135416666666667 0.0203125 0.06041666666666667
6 0.5703125 0.9135416666666667 0.01875 0.06458333333333334
0 0.58984375 0.9145833333333333 0.0171875 0.06666666666666667
0 0.6140625 0.9135416666666667 0.025 0.06875
