29 0.55390625 0.09895833333333333 0.0453125 0.11458333333333333
0 0.60546875 0.10416666666666667 0.0328125 0.1
4 0.63828125 0.10625 0.0296875 0.10833333333333334
2 0.66640625 0.10208333333333333 0.0296875 0.09583333333333334
4 0.7171875 0.10104166666666667 0.04375 0.11458333333333333
8 0.75546875 0.10416666666666667 0.0328125 0.10416666666666667
6 0.7890625 0.103125 0.034375 0.10625
4 0.84453125 0.10520833333333333 0.0390625 0.11458333333333333
9 0.88203125 0.11041666666666666 0.0328125 0.10416666666666667
7 0.9125 0.10833333333333334 0.0375 0.1
4 0.95078125 0.115625 0.0390625 0.10208333333333333
