8 0.83125 0.38125 0.11875 0.23333333333333334
15 0.92578125 0.42291666666666666 0.0765625 0.1375
38 0.05859375 0.10729166666666666 0.0390625 0.07708333333333334
36 0.0953125 0.109375 0.034375 0.07291666666666667
41 0.12109375 0.09791666666666667 0.0203125 0.09583333333333334
40 0.1484375 0.10729166666666666 0.03125 0.07291666666666667
39 0.19609375 0.10208333333333333 0.0453125 0.09583333333333334
36 0.2328125 0.10729166666666666 0.034375 0.08125
56 0.26640625 0.1125 0.0328125 0.07916666666666666
48 0.31015625 0.11041666666666666 0.0546875 0.06666666666666667
49 0.36953125 0.11458333333333333 0.0328125 0.07083333333333333
40 0.40234375 0.11458333333333333 0.0328125 0.06666666666666667
55 0.43046875 0.10833333333333334 0.0203125 0.09166666666666666
53 0.4765625 0.11875 0.0375 0.06666666666666667
44 0.50078125 0.10729166666666666 0.0203125 0.09375
42 0.52734375 0.12708333333333333 0.0328125 0.075
43 0.5609375 0.11354166666666667 0.0375 0.08958333333333333
55 0.590625 0.11458333333333333 0.01875 0.09166666666666666
38 0.61640625 0.128125 0.0390625 0.08125
50 0.6515625 0.12604166666666666 0.040625 0.07291666666666667
49 0.6890625 0.13020833333333334 0.03125 0.07291666666666667
38 0.721875 0.13333333333333333 0.03125 0.075
40 0.7515625 0.13125 0.0375 0.07916666666666666
53 0.78203125 0.13541666666666666 0.0203125 0.075
55 0.803125 0.13645833333333332 0.028125 0.08958333333333333
4 0.38046875 0.20520833333333333 0.0328125 0.08541666666666667
2 0.415625 0.20520833333333333 0.0375 0.08541666666666667
4 0.4625 0.20833333333333334 0.034375 0.08333333333333333
8 0.496875 0.209375 0.03125 0.08125
9 0.53125 0.20833333333333334 0.0375 0.0875
7 0.575 0.20729166666666668 0.04375 0.09375
0 0.61328125 0.21770833333333334 0.0359375 0.08125
8 0.646875 0.215625 0.034375 0.08541666666666667
0 0.68203125 0.21770833333333334 0.0359375 0.07708333333333334
0 0.3484375 0.19583333333333333 0.034375 0.09166666666666666
