28 0.103125 0.27291666666666664 0.1 0.13333333333333333
50 0.1859375 0.29270833333333335 0.065625 0.12291666666666666
11 0.2578125 0.290625 0.075 0.11875
44 0.30625 0.28125 0.05625 0.14583333333333334
38 0.36484375 0.31666666666666665 0.0609375 0.1125
54 0.42890625 0.31875 0.0703125 0.11666666666666667
29 0.65234375 0.453125 0.0296875 0.05625
4 0.6875 0.4583333333333333 0.028125 0.05416666666666667
8 0.71484375 0.4625 0.0203125 0.0625
8 0.7390625 0.4635416666666667 0.025 0.06458333333333334
5 0.77421875 0.4666666666666667 0.0203125 0.05416666666666667
8 0.79765625 0.46770833333333334 0.0328125 0.06458333333333334
7 0.82265625 0.4666666666666667 0.0203125 0.06666666666666667
7 0.84765625 0.47604166666666664 0.0265625 0.06875
