29 0.05234375 0.5958333333333333 0.0234375 0.07083333333333333
14 0.0734375 0.5895833333333333 0.021875 0.0625
21 0.09375 0.5927083333333333 0.01875 0.06041666666666667
4 0.134375 0.5947916666666667 0.03125 0.06041666666666667
8 0.16171875 0.596875 0.0234375 0.06875
8 0.1859375 0.5958333333333333 0.025 0.06666666666666667
9 0.23046875 0.6 0.0203125 0.058333333333333334
6 0.2515625 0.6010416666666667 0.021875 0.06875
8 0.2734375 0.6020833333333333 0.021875 0.075
8 0.29765625 0.6020833333333333 0.0234375 0.058333333333333334
