12 0.4125 0.40208333333333335 0.040625 0.0625
18 0.43984375 0.39895833333333336 0.0109375 0.07291666666666667
16 0.45859375 0.39479166666666665 0.0296875 0.06458333333333334
10 0.48828125 0.4010416666666667 0.0296875 0.06041666666666667
27 0.51953125 0.39895833333333336 0.0328125 0.052083333333333336
14 0.55 0.40520833333333334 0.028125 0.06458333333333334
29 0.5765625 0.40729166666666666 0.015625 0.06875
29 0.59453125 0.40208333333333335 0.0265625 0.06666666666666667
14 0.61875 0.40208333333333335 0.028125 0.06666666666666667
28 0.64765625 0.40208333333333335 0.0328125 0.07083333333333333
