4 0.52890625 0.56875 0.0421875 0.07083333333333333
8 0.5671875 0.5635416666666667 0.034375 0.06875
3 0.60078125 0.565625 0.0328125 0.06875
5 0.65546875 0.5635416666666667 0.0359375 0.06875
5 0.68984375 0.5572916666666666 0.0359375 0.06875
6 0.728125 0.553125 0.04375 0.08541666666666667
6 0.76640625 0.5510416666666667 0.0328125 0.07291666666666667
2 0.8453125 0.5510416666666667 0.0375 0.07291666666666667
15 0.8765625 0.55 0.028125 0.075
25 0.20703125 0.7625 0.1015625 0.1875
44 0.27421875 0.7770833333333333 0.0359375 0.1375
61 0.3265625 0.7802083333333333 0.05625 0.14375
61 0.3796875 0.7833333333333333 0.0625 0.11666666666666667
36 0.44375 0.76875 0.065625 0.09583333333333334
2 0.5328125 0.7510416666666667 0.090625 0.14791666666666667
0 0.61484375 0.7458333333333333 0.0890625 0.14583333333333334
0 0.70546875 0.7416666666666667 0.1109375 0.14166666666666666
1 0.7875 0.7427083333333333 0.0625 0.15208333333333332
