17 0.45078125 0.23020833333333332 0.0328125 0.06458333333333334
36 0.47734375 0.23541666666666666 0.0203125 0.0625
44 0.49375 0.23229166666666667 0.0125 0.06875
53 0.51171875 0.23541666666666666 0.0234375 0.06666666666666667
28 0.53671875 0.23020833333333332 0.0234375 0.07291666666666667
43 0.56328125 0.23229166666666667 0.0234375 0.07291666666666667
50 0.5859375 0.23229166666666667 0.021875 0.07291666666666667
51 0.6125 0.23333333333333334 0.03125 0.07083333333333333
29 0.05625 0.5635416666666667 0.021875 0.07708333333333334
50 0.0765625 0.5760416666666667 0.01875 0.06458333333333334
55 0.0921875 0.5635416666666667 0.021875 0.07708333333333334
36 0.11640625 0.5729166666666666 0.0203125 0.07083333333333333
47 0.13359375 0.5697916666666667 0.0109375 0.06458333333333334
17 0.159375 0.565625 0.028125 0.06875
36 0.18828125 0.578125 0.0265625 0.05625
44 0.20625 0.565625 0.009375 0.06875
53 0.2171875 0.5708333333333333 0.0125 0.058333333333333334
15 0.24453125 0.5614583333333333 0.0296875 0.08958333333333333
36 0.27265625 0.575 0.0265625 0.07083333333333333
54 0.29375 0.56875 0.0125 0.06666666666666667
43 0.31328125 0.5677083333333334 0.0265625 0.06875
44 0.33125 0.5635416666666667 0.009375 0.07291666666666667
50 0.34765625 0.5697916666666667 0.0234375 0.04791666666666667
49 0.375 0.571875 0.03125 0.05625
29 0.68828125 0.8739583333333333 0.0359375 0.06875
4 0.728125 0.8739583333333333 0.028125 0.05625
8 0.76015625 0.8677083333333333 0.0296875 0.06041666666666667
4 0.78515625 0.8677083333333333 0.0203125 0.06458333333333334
1 0.8265625 0.8729166666666667 0.01875 0.058333333333333334
5 0.84921875 0.8760416666666667 0.0265625 0.06458333333333334
9 0.87265625 0.8729166666666667 0.0265625 0.05416666666666667
7 0.90625 0.8697916666666666 0.0375 0.07291666666666667
