0 0.54375 0.09166666666666666 0.046875 0.125
4 0.57890625 0.08854166666666667 0.0359375 0.12708333333333333
2 0.61796875 0.08854166666666667 0.0421875 0.11041666666666666
4 0.68125 0.08854166666666667 0.04375 0.11041666666666666
8 0.72265625 0.08958333333333333 0.0328125 0.1125
8 0.76015625 0.08541666666666667 0.0421875 0.10833333333333334
1 0.834375 0.07395833333333333 0.028125 0.10625
4 0.8703125 0.07708333333333334 0.04375 0.1125
9 0.9109375 0.08645833333333333 0.0375 0.13125
4 0.94921875 0.0875 0.0390625 0.125
20 0.41015625 0.23541666666666666 0.0546875 0.09166666666666666
11 0.46328125 0.23333333333333334 0.0484375 0.10833333333333334
28 0.5109375 0.228125 0.04375 0.09791666666666667
