12 0.27734375 0.50625 0.0296875 0.0625
50 0.30625 0.5166666666666667 0.025 0.05416666666666667
41 0.321875 0.5072916666666667 0.0125 0.052083333333333336
41 0.3375 0.5114583333333333 0.0125 0.052083333333333336
40 0.3546875 0.5166666666666667 0.021875 0.0625
40 0.37734375 0.51875 0.0234375 0.05
11 0.296875 0.596875 0.040625 0.06041666666666667
40 0.32890625 0.6072916666666667 0.0203125 0.04791666666666667
40 0.34921875 0.603125 0.0171875 0.04375
53 0.36875 0.6083333333333333 0.01875 0.041666666666666664
4 0.41171875 0.6625 0.0265625 0.05416666666666667
8 0.44921875 0.6645833333333333 0.0234375 0.058333333333333334
2 0.484375 0.665625 0.021875 0.04791666666666667
7 0.51484375 0.6645833333333333 0.0265625 0.05
4 0.55234375 0.671875 0.0296875 0.05625
4 0.58984375 0.6791666666666667 0.0234375 0.05416666666666667
2 0.6234375 0.6802083333333333 0.028125 0.06041666666666667
