40 0.0890625 0.575 0.071875 0.11666666666666667
39 0.1609375 0.5791666666666667 0.071875 0.13333333333333333
56 0.22734375 0.5895833333333333 0.0578125 0.10833333333333334
38 0.28671875 0.5927083333333333 0.0640625 0.11041666666666666
36 0.35078125 0.596875 0.0671875 0.11041666666666666
55 0.4015625 0.59375 0.0375 0.11666666666666667
44 0.43359375 0.596875 0.0234375 0.11875
50 0.47734375 0.6145833333333334 0.0640625 0.09166666666666666
49 0.5390625 0.61875 0.059375 0.1125
38 0.64375 0.621875 0.06875 0.09375
40 0.70546875 0.6260416666666667 0.0546875 0.09375
49 0.7609375 0.6229166666666667 0.053125 0.09583333333333334
55 0.80625 0.6302083333333334 0.0375 0.09791666666666667
40 0.85234375 0.6333333333333333 0.0515625 0.09166666666666666
53 0.896875 0.634375 0.034375 0.09791666666666667
4 0.74921875 0.7083333333333334 0.0296875 0.04583333333333333
8 0.77421875 0.70625 0.0265625 0.041666666666666664
7 0.80078125 0.709375 0.0296875 0.05625
1 0.85 0.7104166666666667 0.01875 0.05
1 0.86796875 0.709375 0.0171875 0.052083333333333336
2 0.88828125 0.7104166666666667 0.0234375 0.04583333333333333
5 0.915625 0.7114583333333333 0.028125 0.052083333333333336
