8 0.79296875 0.7916666666666666 0.0484375 0.09166666666666666
0 0.8375 0.7791666666666667 0.0375 0.08333333333333333
0 0.86875 0.7760416666666666 0.028125 0.07708333333333334
0 0.89921875 0.7604166666666666 0.0359375 0.0875
29 0.77421875 0.9052083333333333 0.0234375 0.05625
4 0.80234375 0.9052083333333333 0.0234375 0.06041666666666667
8 0.82421875 0.9041666666666667 0.0171875 0.0625
6 0.840625 0.9083333333333333 0.021875 0.058333333333333334
9 0.8703125 0.9083333333333333 0.01875 0.05416666666666667
2 0.890625 0.909375 0.01875 0.05625
9 0.909375 0.90625 0.01875 0.04583333333333333
8 0.93203125 0.9083333333333333 0.0234375 0.058333333333333334
