22 0.20703125 0.415625 0.1734375 0.21875
60 0.34375 0.46770833333333334 0.103125 0.21041666666666667
28 0.48203125 0.446875 0.1203125 0.19791666666666666
55 0.57578125 0.434375 0.0703125 0.18541666666666667
60 0.65390625 0.47291666666666665 0.0921875 0.20833333333333334
47 0.71640625 0.4270833333333333 0.0390625 0.2
40 0.796875 0.4510416666666667 0.115625 0.15208333333333332
29 0.265625 0.7989583333333333 0.06875 0.10625
4 0.3421875 0.7979166666666667 0.059375 0.10416666666666667
8 0.39453125 0.79375 0.0421875 0.10833333333333334
2 0.4390625 0.796875 0.046875 0.11041666666666666
7 0.54375 0.79375 0.05 0.09583333333333334
1 0.5890625 0.7927083333333333 0.0375 0.10208333333333333
7 0.63203125 0.79375 0.0515625 0.1
7 0.6859375 0.790625 0.05625 0.10625
