28 0.171875 0.44375 0.075 0.13333333333333333
10 0.23984375 0.44479166666666664 0.0578125 0.13125
33 0.30390625 0.43854166666666666 0.0671875 0.13125
24 0.3671875 0.4375 0.05625 0.12916666666666668
25 0.42421875 0.4354166666666667 0.0609375 0.1375
17 0.490625 0.44375 0.065625 0.12916666666666668
24 0.553125 0.44479166666666664 0.059375 0.12291666666666666
23 0.61171875 0.4354166666666667 0.0703125 0.125
14 0.675 0.42916666666666664 0.065625 0.14583333333333334
0 0.1609375 0.6791666666666667 0.05 0.09166666666666666
1 0.19921875 0.6791666666666667 0.0265625 0.075
1 0.22578125 0.6760416666666667 0.0265625 0.06875
4 0.2921875 0.678125 0.034375 0.07291666666666667
5 0.32578125 0.675 0.0328125 0.058333333333333334
3 0.36015625 0.6760416666666667 0.0328125 0.07291666666666667
7 0.4265625 0.6770833333333334 0.0375 0.06666666666666667
9 0.4625 0.678125 0.03125 0.08125
9 0.49453125 0.6697916666666667 0.0328125 0.07291666666666667
3 0.528125 0.6739583333333333 0.03125 0.07708333333333334
