12 0.19921875 0.4322916666666667 0.1109375 0.19791666666666666
24 0.3046875 0.42604166666666665 0.10625 0.17708333333333334
30 0.40390625 0.41770833333333335 0.0984375 0.16875
23 0.50234375 0.41041666666666665 0.0984375 0.17083333333333334
29 0.5984375 0.41770833333333335 0.1 0.17291666666666666
27 0.69140625 0.4197916666666667 0.0921875 0.16875
34 0.7875 0.425 0.10625 0.19583333333333333
10 0.07109375 0.353125 0.0609375 0.11041666666666666
23 0.11171875 0.328125 0.0421875 0.07291666666666667
23 0.153125 0.31145833333333334 0.046875 0.06458333333333334
28 0.20390625 0.2791666666666667 0.0515625 0.075
