17 0.390625 0.5135416666666667 0.15 0.24375
36 0.46015625 0.51875 0.0734375 0.12916666666666668
47 0.5234375 0.4895833333333333 0.04375 0.18333333333333332
44 0.565625 0.490625 0.046875 0.18541666666666667
48 0.646875 0.521875 0.11875 0.11458333333333333
4 0.77421875 0.40520833333333334 0.0296875 0.06458333333333334
8 0.7984375 0.403125 0.01875 0.06458333333333334
7 0.81796875 0.396875 0.0234375 0.06041666666666667
0 0.85 0.39895833333333336 0.028125 0.06458333333333334
6 0.87578125 0.39791666666666664 0.0234375 0.0625
0 0.896875 0.396875 0.025 0.06458333333333334
6 0.92109375 0.3958333333333333 0.0265625 0.075
