11 0.29921875 0.7041666666666667 0.0421875 0.0625
56 0.33046875 0.7020833333333333 0.0171875 0.04583333333333333
47 0.3453125 0.7 0.009375 0.058333333333333334
42 0.36171875 0.6989583333333333 0.0203125 0.05625
42 0.38203125 0.6989583333333333 0.0296875 0.06041666666666667
36 0.409375 0.7010416666666667 0.021875 0.05625
49 0.43125 0.6947916666666667 0.021875 0.04791666666666667
42 0.4578125 0.703125 0.03125 0.06041666666666667
15 0.49453125 0.696875 0.0359375 0.05625
56 0.521875 0.6989583333333333 0.01875 0.03958333333333333
54 0.54453125 0.696875 0.0234375 0.04791666666666667
44 0.56171875 0.6958333333333333 0.0109375 0.058333333333333334
50 0.57734375 0.6989583333333333 0.0203125 0.052083333333333336
49 0.6015625 0.6979166666666666 0.03125 0.05
27 0.64296875 0.6989583333333333 0.0359375 0.06041666666666667
40 0.6734375 0.6989583333333333 0.01875 0.04375
54 0.69609375 0.696875 0.0234375 0.03958333333333333
55 0.71328125 0.6958333333333333 0.0203125 0.05
36 0.73515625 0.690625 0.0234375 0.052083333333333336
56 0.75859375 0.6958333333333333 0.0203125 0.05416666666666667
53 0.77734375 0.6958333333333333 0.0171875 0.04583333333333333
36 0.7984375 0.6927083333333334 0.025 0.04791666666666667
49 0.82265625 0.69375 0.0234375 0.05
55 0.8453125 0.7 0.021875 0.058333333333333334
29 0.64765625 0.9635416666666666 0.0265625 0.052083333333333336
4 0.6796875 0.9604166666666667 0.021875 0.04583333333333333
8 0.6984375 0.9583333333333334 0.01875 0.0625
6 0.7171875 0.9572916666666667 0.015625 0.052083333333333336
0 0.740625 0.9625 0.01875 0.058333333333333334
5 0.75859375 0.965625 0.0140625 0.05625
5 0.771875 0.9625 0.0125 0.05
7 0.78828125 0.9604166666666667 0.0203125 0.05
