17 0.21015625 0.7875 0.2015625 0.275
50 0.38828125 0.7958333333333333 0.1609375 0.20833333333333334
56 0.5375 0.7885416666666667 0.140625 0.21458333333333332
54 0.67421875 0.7958333333333333 0.1296875 0.22083333333333333
40 0.81171875 0.8 0.1515625 0.20833333333333334
10 0.2296875 0.18333333333333332 0.178125 0.29583333333333334
49 0.3921875 0.21875 0.14375 0.22083333333333333
49 0.53046875 0.20833333333333334 0.1390625 0.20833333333333334
44 0.63203125 0.18333333333333332 0.0609375 0.25416666666666665
40 0.734375 0.225 0.13125 0.1875
54 0.88671875 0.21770833333333334 0.1234375 0.19791666666666666
14 0.20234375 0.48333333333333334 0.1265625 0.2791666666666667
49 0.3390625 0.509375 0.14375 0.23541666666666666
42 0.4953125 0.5177083333333333 0.15 0.28125
47 0.6078125 0.47708333333333336 0.065625 0.2708333333333333
44 0.66953125 0.4791666666666667 0.0484375 0.26666666666666666
54 0.76015625 0.509375 0.1203125 0.23541666666666666
43 0.8875 0.484375 0.125 0.28958333333333336
