29 0.2625 0.8625 0.040625 0.11666666666666667
14 0.296875 0.8583333333333333 0.028125 0.1125
21 0.32734375 0.8583333333333333 0.0359375 0.10833333333333334
4 0.3640625 0.8583333333333333 0.0375 0.125
8 0.40078125 0.8572916666666667 0.0359375 0.11458333333333333
7 0.43671875 0.8572916666666667 0.0296875 0.11458333333333333
0 0.48046875 0.8625 0.0421875 0.10833333333333334
0 0.51953125 0.859375 0.0328125 0.10208333333333333
7 0.553125 0.8552083333333333 0.03125 0.09791666666666667
4 0.5859375 0.8635416666666667 0.0375 0.11458333333333333
2 0.715625 0.86875 0.040625 0.075
8 0.75234375 0.8760416666666667 0.0328125 0.07291666666666667
6 0.78515625 0.871875 0.0296875 0.06041666666666667
5 0.8390625 0.8614583333333333 0.04375 0.09791666666666667
7 0.87578125 0.865625 0.0296875 0.09375
7 0.90859375 0.8614583333333333 0.0328125 0.10208333333333333
9 0.94609375 0.8604166666666667 0.0484375 0.1
