29 0.74609375 0.6833333333333333 0.0265625 0.0625
40 0.76640625 0.6895833333333333 0.0140625 0.05416666666666667
47 0.78203125 0.6916666666666667 0.0109375 0.0625
0 0.80234375 0.6854166666666667 0.0171875 0.0625
7 0.81875 0.6895833333333333 0.01875 0.0625
0 0.8359375 0.6854166666666667 0.015625 0.0625
8 0.8640625 0.684375 0.01875 0.07291666666666667
2 0.88203125 0.6822916666666666 0.0140625 0.06458333333333334
0 0.89609375 0.6770833333333334 0.0171875 0.058333333333333334
2 0.9140625 0.6770833333333334 0.015625 0.06666666666666667
0 0.94296875 0.6802083333333333 0.0203125 0.06875
5 0.96015625 0.6854166666666667 0.0171875 0.07916666666666666
0 0.97734375 0.6802083333333333 0.0171875 0.08125
5 0.99375 0.6770833333333334 0.01875 0.07916666666666666
1 0.86328125 0.6145833333333334 0.0140625 0.058333333333333334
34 0.09296875 0.6583333333333333 0.0453125 0.11666666666666667
11 0.12890625 0.6510416666666666 0.0296875 0.09791666666666667
22 0.16328125 0.6489583333333333 0.0390625 0.08958333333333333
