4 0.32578125 0.828125 0.0703125 0.07708333333333334
7 0.384375 0.8260416666666667 0.046875 0.08958333333333333
1 0.42265625 0.8260416666666667 0.0265625 0.08541666666666667
3 0.525 0.83125 0.046875 0.07916666666666666
5 0.578125 0.8302083333333333 0.05 0.08541666666666667
4 0.628125 0.828125 0.05 0.07708333333333334
4 0.6875 0.834375 0.065625 0.08958333333333333
17 0.33203125 0.6927083333333334 0.0859375 0.09791666666666667
50 0.41953125 0.70625 0.0859375 0.10833333333333334
56 0.496875 0.70625 0.071875 0.07916666666666666
54 0.56796875 0.7 0.0609375 0.075
40 0.640625 0.703125 0.078125 0.09375
14 0.32109375 0.596875 0.0796875 0.08125
49 0.3984375 0.5989583333333334 0.075 0.09375
42 0.475 0.6104166666666667 0.071875 0.09583333333333334
47 0.5265625 0.5989583333333334 0.034375 0.09375
44 0.55625 0.5979166666666667 0.03125 0.10416666666666667
54 0.6046875 0.60625 0.065625 0.07916666666666666
43 0.67265625 0.6010416666666667 0.0609375 0.10208333333333333
10 0.3296875 0.5 0.115625 0.09583333333333334
49 0.42109375 0.50625 0.0640625 0.0875
49 0.48984375 0.5083333333333333 0.0671875 0.0875
44 0.5375 0.49895833333333334 0.034375 0.09791666666666667
40 0.5921875 0.5125 0.0625 0.075
54 0.6703125 0.5135416666666667 0.0625 0.08125
