3 0.1671875 0.5197916666666667 0.075 0.11875
15 0.23359375 0.534375 0.0609375 0.10208333333333333
29 0.41953125 0.5333333333333333 0.0609375 0.09583333333333334
4 0.50625 0.5364583333333334 0.053125 0.09375
7 0.55390625 0.540625 0.0515625 0.11041666666666666
2 0.60625 0.5364583333333334 0.053125 0.10625
7 0.6984375 0.5427083333333333 0.053125 0.09375
5 0.7484375 0.5395833333333333 0.053125 0.0875
2 0.7984375 0.5427083333333333 0.046875 0.10208333333333333
8 0.84921875 0.5416666666666666 0.0578125 0.0875
