29 0.20234375 0.3645833333333333 0.0359375 0.0625
4 0.2515625 0.365625 0.028125 0.06041666666666667
8 0.28203125 0.36666666666666664 0.0265625 0.0625
8 0.31015625 0.36354166666666665 0.0296875 0.06458333333333334
5 0.37578125 0.37395833333333334 0.0296875 0.05625
9 0.40390625 0.37083333333333335 0.0296875 0.058333333333333334
8 0.4359375 0.37083333333333335 0.03125 0.058333333333333334
4 0.46640625 0.371875 0.0265625 0.05625
4 0.5171875 0.378125 0.034375 0.05625
8 0.55 0.37395833333333334 0.03125 0.052083333333333336
8 0.58125 0.3802083333333333 0.03125 0.06875
5 0.63984375 0.38333333333333336 0.0296875 0.0625
9 0.67109375 0.38229166666666664 0.0203125 0.06458333333333334
8 0.70234375 0.38229166666666664 0.0265625 0.06041666666666667
5 0.73046875 0.39375 0.0359375 0.06666666666666667
3 0.86640625 0.38958333333333334 0.0296875 0.06666666666666667
15 0.9 0.390625 0.034375 0.05625
