11 0.17578125 0.041666666666666664 0.0390625 0.08333333333333333
24 0.209375 0.05 0.03125 0.0875
24 0.23828125 0.04895833333333333 0.0265625 0.07708333333333334
20 0.26953125 0.071875 0.0359375 0.10625
28 0.56484375 0.809375 0.0390625 0.07708333333333334
28 0.60078125 0.8104166666666667 0.0328125 0.0875
11 0.640625 0.8135416666666667 0.040625 0.10208333333333333
10 0.69140625 0.815625 0.0453125 0.08958333333333333
28 0.75 0.8197916666666667 0.0375 0.08958333333333333
29 0.78828125 0.8135416666666667 0.0390625 0.08125
10 0.82890625 0.821875 0.0390625 0.08125
22 0.87265625 0.815625 0.0515625 0.08125
25 0.928125 0.8416666666666667 0.059375 0.09583333333333334
