25 0.43828125 0.3104166666666667 0.0359375 0.12083333333333333
21 0.49921875 0.315625 0.0421875 0.10625
12 0.559375 0.31145833333333334 0.046875 0.11458333333333333
18 0.61640625 0.30625 0.0328125 0.12083333333333333
23 0.65390625 0.30833333333333335 0.0390625 0.1375
31 0.696875 0.31354166666666666 0.046875 0.13541666666666666
14 0.74140625 0.3072916666666667 0.0453125 0.12708333333333333
27 0.78671875 0.30520833333333336 0.0453125 0.12291666666666666
29 0.8265625 0.30625 0.040625 0.1375
14 0.86875 0.3104166666666667 0.05 0.13333333333333333
27 0.91640625 0.30416666666666664 0.0484375 0.12916666666666668
