18 0.2640625 0.5177083333333333 0.05 0.16041666666666668
23 0.33984375 0.515625 0.1015625 0.16458333333333333
20 0.44140625 0.5177083333333333 0.1140625 0.16875
25 0.565625 0.515625 0.08125 0.14791666666666667
10 0.64609375 0.5166666666666667 0.0921875 0.1625
13 0.740625 0.5145833333333333 0.103125 0.1625
10 0.36015625 0.6927083333333334 0.0359375 0.05625
27 0.390625 0.6864583333333333 0.028125 0.06041666666666667
29 0.41640625 0.6885416666666667 0.0234375 0.07708333333333334
13 0.45 0.684375 0.03125 0.06875
14 0.4765625 0.6875 0.025 0.07916666666666666
12 0.50390625 0.6802083333333333 0.0296875 0.06458333333333334
24 0.534375 0.6864583333333333 0.03125 0.07708333333333334
7 0.57265625 0.68125 0.0296875 0.0625
3 0.59921875 0.6833333333333333 0.0234375 0.07083333333333333
2 0.621875 0.6822916666666666 0.025 0.06458333333333334
1 0.640625 0.6802083333333333 0.0125 0.06875
