11 0.2921875 0.5802083333333333 0.03125 0.07708333333333334
14 0.32265625 0.5864583333333333 0.0359375 0.08125
10 0.3578125 0.5864583333333333 0.03125 0.06458333333333334
29 0.3921875 0.5822916666666667 0.034375 0.06458333333333334
27 0.42734375 0.5833333333333334 0.0390625 0.07916666666666666
18 0.4546875 0.578125 0.01875 0.08125
33 0.48046875 0.5864583333333333 0.0328125 0.07708333333333334
25 0.52890625 0.5822916666666667 0.0296875 0.07291666666666667
24 0.5625 0.5791666666666667 0.040625 0.0625
29 0.5984375 0.5802083333333333 0.03125 0.07291666666666667
29 0.63046875 0.5739583333333333 0.0328125 0.07708333333333334
14 0.66015625 0.5770833333333333 0.0359375 0.075
27 0.6984375 0.5729166666666666 0.0375 0.06666666666666667
25 0.153125 0.41354166666666664 0.08125 0.16041666666666668
14 0.22421875 0.41770833333333335 0.0640625 0.14791666666666667
29 0.29140625 0.4270833333333333 0.0703125 0.12083333333333333
14 0.359375 0.42291666666666666 0.06875 0.12083333333333333
27 0.425 0.41875 0.05625 0.125
27 0.5484375 0.41875 0.1 0.15416666666666667
10 0.6109375 0.4125 0.071875 0.11666666666666667
11 0.68125 0.41041666666666665 0.05625 0.1375
11 0.734375 0.40729166666666666 0.05625 0.12708333333333333
18 0.778125 0.4114583333333333 0.0375 0.12708333333333333
29 0.82734375 0.409375 0.0734375 0.13541666666666666
29 0.27421875 0.2864583333333333 0.0546875 0.09791666666666667
17 0.32421875 0.29375 0.0453125 0.07916666666666666
14 0.36875 0.29375 0.0375 0.07916666666666666
32 0.43828125 0.28020833333333334 0.0796875 0.09375
24 0.50234375 0.29270833333333335 0.0421875 0.06875
27 0.54375 0.28958333333333336 0.0375 0.07083333333333333
21 0.5796875 0.29270833333333335 0.034375 0.06875
13 0.6203125 0.290625 0.05 0.07708333333333334
24 0.6765625 0.28229166666666666 0.046875 0.07708333333333334
15 0.721875 0.28229166666666666 0.046875 0.07708333333333334
