31 0.2390625 0.24479166666666666 0.078125 0.15208333333333332
44 0.28984375 0.259375 0.0328125 0.09791666666666667
54 0.32734375 0.25833333333333336 0.0390625 0.0875
44 0.36640625 0.25625 0.0390625 0.09166666666666666
50 0.41015625 0.2604166666666667 0.0453125 0.075
49 0.459375 0.2604166666666667 0.059375 0.0875
12 0.54296875 0.22708333333333333 0.0734375 0.13333333333333333
40 0.596875 0.25729166666666664 0.053125 0.07291666666666667
49 0.64765625 0.253125 0.0578125 0.08958333333333333
55 0.703125 0.23541666666666666 0.05625 0.1125
40 0.75078125 0.24583333333333332 0.0546875 0.075
53 0.803125 0.24270833333333333 0.053125 0.08541666666666667
58 0.49140625 0.8666666666666667 0.0484375 0.0625
58 0.53359375 0.8572916666666667 0.0359375 0.052083333333333336
58 0.5703125 0.8541666666666666 0.0375 0.0625
43 0.6125 0.8552083333333333 0.0375 0.06041666666666667
36 0.64609375 0.8645833333333334 0.0296875 0.05
49 0.67109375 0.8635416666666667 0.0296875 0.04791666666666667
37 0.7015625 0.865625 0.03125 0.06041666666666667
36 0.7328125 0.8625 0.01875 0.05416666666666667
55 0.753125 0.859375 0.01875 0.05625
50 0.78671875 0.8666666666666667 0.0359375 0.05
53 0.8171875 0.8614583333333333 0.025 0.05625
46 0.85078125 0.8625 0.0296875 0.05416666666666667
53 0.8796875 0.865625 0.028125 0.05625
