58 0.2359375 0.7770833333333333 0.078125 0.125
58 0.3 0.7729166666666667 0.065625 0.12083333333333333
58 0.36328125 0.76875 0.0671875 0.11666666666666667
53 0.43828125 0.778125 0.0359375 0.10208333333333333
40 0.47734375 0.7770833333333333 0.0484375 0.10833333333333334
54 0.52578125 0.7760416666666666 0.0515625 0.11875
40 0.575 0.7697916666666667 0.05 0.11041666666666666
41 0.61328125 0.7572916666666667 0.0390625 0.16875
50 0.65703125 0.7666666666666667 0.0546875 0.10416666666666667
50 0.71171875 0.7604166666666666 0.0546875 0.12083333333333333
39 0.7671875 0.7583333333333333 0.0625 0.14166666666666666
46 0.85546875 0.7552083333333334 0.0578125 0.14375
53 0.90859375 0.7625 0.0515625 0.14166666666666666
