10 0.23984375 0.23125 0.0640625 0.08333333333333333
16 0.303125 0.21145833333333333 0.065625 0.08541666666666667
10 0.3640625 0.19895833333333332 0.053125 0.07291666666666667
25 0.4203125 0.19479166666666667 0.05 0.09375
14 0.47109375 0.18958333333333333 0.0484375 0.08333333333333333
24 0.55 0.18541666666666667 0.053125 0.1
18 0.59140625 0.18958333333333333 0.0359375 0.08333333333333333
20 0.634375 0.19479166666666667 0.053125 0.08958333333333333
24 0.6921875 0.20416666666666666 0.0625 0.09583333333333334
28 0.75078125 0.22291666666666668 0.0546875 0.09583333333333334
29 0.64296875 0.68125 0.0390625 0.07083333333333333
4 0.68671875 0.690625 0.0265625 0.07708333333333334
8 0.7125 0.6895833333333333 0.021875 0.075
3 0.7375 0.69375 0.021875 0.09166666666666666
8 0.77734375 0.6895833333333333 0.0234375 0.06666666666666667
2 0.8015625 0.6875 0.021875 0.07916666666666666
8 0.8265625 0.6885416666666667 0.025 0.08541666666666667
8 0.85390625 0.6895833333333333 0.0296875 0.07916666666666666
