12 0.27109375 0.9197916666666667 0.0390625 0.06875
50 0.30859375 0.9177083333333333 0.0359375 0.06875
49 0.34609375 0.9229166666666667 0.0296875 0.06666666666666667
54 0.37578125 0.9166666666666666 0.0265625 0.06666666666666667
56 0.40390625 0.9145833333333333 0.0296875 0.06666666666666667
47 0.428125 0.9135416666666667 0.01875 0.06875
55 0.44765625 0.9114583333333334 0.0171875 0.08125
44 0.46328125 0.9135416666666667 0.0109375 0.08541666666666667
49 0.48359375 0.9135416666666667 0.0359375 0.06458333333333334
42 0.51796875 0.9197916666666667 0.0328125 0.08541666666666667
16 0.57734375 0.9083333333333333 0.0484375 0.075
53 0.61484375 0.9072916666666667 0.0296875 0.07291666666666667
50 0.64609375 0.9145833333333333 0.0328125 0.0625
56 0.67890625 0.909375 0.0296875 0.06875
51 0.71484375 0.9260416666666667 0.0421875 0.07708333333333334
55 0.79453125 0.8135416666666667 0.0234375 0.07708333333333334
44 0.81328125 0.8177083333333334 0.0203125 0.08958333333333333
13 0.11015625 0.8510416666666667 0.0546875 0.07708333333333334
40 0.15078125 0.8479166666666667 0.0421875 0.06666666666666667
57 0.18828125 0.8427083333333333 0.0328125 0.06458333333333334
40 0.221875 0.8427083333333333 0.03125 0.07291666666666667
47 0.2453125 0.834375 0.01875 0.07708333333333334
50 0.26796875 0.8447916666666667 0.0296875 0.06458333333333334
51 0.29921875 0.846875 0.0296875 0.07291666666666667
48 0.3375 0.8458333333333333 0.046875 0.058333333333333334
40 0.3765625 0.8354166666666667 0.028125 0.058333333333333334
49 0.409375 0.8395833333333333 0.034375 0.0625
55 0.44296875 0.8291666666666667 0.0296875 0.0625
12 0.56015625 0.825 0.0421875 0.06666666666666667
50 0.59609375 0.8291666666666667 0.0265625 0.06666666666666667
49 0.6296875 0.8291666666666667 0.0375 0.07083333333333333
54 0.66171875 0.8260416666666667 0.0234375 0.07291666666666667
55 0.68515625 0.815625 0.0265625 0.06458333333333334
53 0.7109375 0.825 0.025 0.0625
56 0.73984375 0.828125 0.0328125 0.06458333333333334
38 0.77109375 0.8302083333333333 0.0234375 0.06875
50 0.84140625 0.828125 0.0359375 0.052083333333333336
49 0.87421875 0.8208333333333333 0.0421875 0.06666666666666667
