29 0.19765625 0.30416666666666664 0.0890625 0.15
4 0.3046875 0.30520833333333336 0.06875 0.13958333333333334
8 0.37421875 0.303125 0.0734375 0.16041666666666668
9 0.44296875 0.29791666666666666 0.0734375 0.15833333333333333
7 0.58125 0.30625 0.078125 0.17083333333333334
1 0.646875 0.3020833333333333 0.05625 0.16666666666666666
1 0.7140625 0.3 0.065625 0.15416666666666667
2 0.78828125 0.3020833333333333 0.0828125 0.16666666666666666
29 0.1953125 0.7333333333333333 0.084375 0.14583333333333334
1 0.2921875 0.740625 0.059375 0.14375
5 0.35390625 0.7395833333333334 0.0609375 0.15416666666666667
6 0.41484375 0.7447916666666666 0.0578125 0.13958333333333334
6 0.47578125 0.74375 0.0578125 0.14583333333333334
0 0.5984375 0.74375 0.065625 0.15
8 0.66171875 0.7489583333333333 0.0609375 0.15208333333333332
1 0.71484375 0.7489583333333333 0.0546875 0.15208333333333332
9 0.7796875 0.7541666666666667 0.078125 0.15416666666666667
