25 0.11484375 0.6239583333333333 0.0734375 0.15625
12 0.19296875 0.6270833333333333 0.0859375 0.1625
34 0.35625 0.63125 0.075 0.14583333333333334
24 0.43828125 0.63125 0.0921875 0.15
30 0.5171875 0.6291666666666667 0.0625 0.15416666666666667
16 0.6765625 0.640625 0.09375 0.15208333333333332
10 0.7609375 0.6385416666666667 0.08125 0.15625
22 0.84140625 0.6364583333333333 0.0859375 0.15208333333333332
14 0.9140625 0.6375 0.065625 0.15833333333333333
15 0.13359375 0.146875 0.0640625 0.13541666666666666
30 0.19609375 0.13645833333333332 0.0609375 0.12708333333333333
23 0.2578125 0.14166666666666666 0.075 0.13333333333333333
23 0.3296875 0.14375 0.06875 0.1375
34 0.39609375 0.13958333333333334 0.0671875 0.13333333333333333
22 0.5015625 0.15104166666666666 0.078125 0.12708333333333333
24 0.575 0.15208333333333332 0.06875 0.1125
30 0.63984375 0.15104166666666666 0.0640625 0.12291666666666666
28 0.703125 0.15208333333333332 0.05625 0.12916666666666668
14 0.7609375 0.153125 0.059375 0.13541666666666666
44 0.1140625 0.278125 0.025 0.08541666666666667
54 0.1453125 0.2875 0.0375 0.075
42 0.20234375 0.2947916666666667 0.0484375 0.08958333333333333
50 0.24453125 0.284375 0.0453125 0.07708333333333334
50 0.28828125 0.284375 0.0421875 0.07708333333333334
39 0.33203125 0.28125 0.0453125 0.1
41 0.39140625 0.2760416666666667 0.0234375 0.09791666666666667
50 0.42109375 0.2864583333333333 0.0359375 0.06458333333333334
53 0.45234375 0.28125 0.0265625 0.06666666666666667
60 0.5078125 0.29583333333333334 0.05 0.0875
50 0.55234375 0.290625 0.0359375 0.06875
56 0.59140625 0.290625 0.0421875 0.07291666666666667
36 0.125 0.371875 0.0375 0.07291666666666667
55 0.15859375 0.36875 0.0296875 0.07916666666666666
50 0.2140625 0.37395833333333334 0.040625 0.06041666666666667
55 0.24609375 0.365625 0.0234375 0.08125
43 0.278125 0.36770833333333336 0.040625 0.07708333333333334
40 0.31640625 0.36770833333333336 0.0390625 0.07291666666666667
53 0.34921875 0.36875 0.0265625 0.075
54 0.38046875 0.36666666666666664 0.0390625 0.07083333333333333
44 0.43359375 0.3645833333333333 0.0265625 0.075
54 0.46484375 0.365625 0.0453125 0.08958333333333333
40 0.125 0.4552083333333333 0.04375 0.06875
57 0.16640625 0.44895833333333335 0.0359375 0.07708333333333334
40 0.20390625 0.4552083333333333 0.0390625 0.08541666666666667
49 0.2453125 0.45416666666666666 0.040625 0.08333333333333333
37 0.30859375 0.4552083333333333 0.0453125 0.09375
40 0.3515625 0.45208333333333334 0.040625 0.075
55 0.38125 0.4479166666666667 0.025 0.07916666666666666
55 0.40390625 0.44583333333333336 0.0234375 0.07916666666666666
40 0.4359375 0.45416666666666666 0.0375 0.075
53 0.47109375 0.45416666666666666 0.0328125 0.08333333333333333
