20 0.325 0.27291666666666664 0.071875 0.12916666666666668
10 0.3921875 0.2635416666666667 0.059375 0.11458333333333333
28 0.45234375 0.26875 0.0640625 0.1125
12 0.51328125 0.2625 0.0640625 0.1125
24 0.5875 0.2677083333333333 0.078125 0.12291666666666666
22 0.675 0.265625 0.096875 0.12708333333333333
0 0.33515625 0.6677083333333333 0.0296875 0.08541666666666667
4 0.365625 0.6625 0.03125 0.07916666666666666
2 0.3984375 0.6708333333333333 0.028125 0.09166666666666666
5 0.45703125 0.6666666666666666 0.0328125 0.08333333333333333
3 0.4859375 0.66875 0.028125 0.0875
5 0.5171875 0.6677083333333333 0.03125 0.07291666666666667
0 0.5484375 0.6677083333333333 0.03125 0.08541666666666667
0 0.60703125 0.6666666666666666 0.0390625 0.075
4 0.6421875 0.6677083333333333 0.028125 0.08125
2 0.67734375 0.6708333333333333 0.0390625 0.07916666666666666
