23 0.48984375 0.45625 0.0890625 0.15
18 0.55390625 0.45 0.0453125 0.14166666666666666
31 0.61953125 0.45 0.0859375 0.14583333333333334
14 0.69296875 0.46041666666666664 0.0609375 0.12083333333333333
10 0.76953125 0.45208333333333334 0.0921875 0.1375
37 0.54609375 0.609375 0.0609375 0.10625
50 0.60234375 0.6260416666666667 0.0515625 0.07708333333333334
39 0.65390625 0.6135416666666667 0.0515625 0.10625
60 0.7125 0.6375 0.053125 0.1125
10 0.4421875 0.909375 0.046875 0.07708333333333334
57 0.4828125 0.9104166666666667 0.034375 0.07916666666666666
50 0.52734375 0.921875 0.0515625 0.06875
38 0.5640625 0.928125 0.0375 0.07708333333333334
36 0.6078125 0.9322916666666666 0.046875 0.07708333333333334
39 0.65546875 0.9260416666666667 0.0484375 0.08541666666666667
50 0.70234375 0.9270833333333334 0.0453125 0.08333333333333333
24 0.76328125 0.903125 0.0515625 0.08541666666666667
44 0.7984375 0.9020833333333333 0.015625 0.09583333333333334
47 0.82109375 0.8989583333333333 0.0296875 0.10208333333333333
