11 0.37265625 0.7114583333333333 0.1078125 0.19791666666666666
49 0.471875 0.7416666666666667 0.0875 0.12916666666666668
28 0.5640625 0.715625 0.096875 0.17291666666666666
3 0.55078125 0.8947916666666667 0.0203125 0.07291666666666667
2 0.5703125 0.896875 0.01875 0.07291666666666667
1 0.58984375 0.8958333333333334 0.0171875 0.075
7 0.6328125 0.896875 0.025 0.08541666666666667
9 0.65546875 0.89375 0.0203125 0.07916666666666666
0 0.67578125 0.8989583333333333 0.0234375 0.08541666666666667
5 0.69921875 0.8958333333333334 0.0234375 0.07916666666666666
