4 0.08671875 0.41458333333333336 0.0453125 0.0875
8 0.125 0.4114583333333333 0.034375 0.09375
2 0.159375 0.4114583333333333 0.0375 0.09375
0 0.2390625 0.421875 0.040625 0.08958333333333333
5 0.27734375 0.4166666666666667 0.0328125 0.08333333333333333
9 0.30546875 0.41770833333333335 0.0328125 0.08958333333333333
9 0.34140625 0.4166666666666667 0.0453125 0.08333333333333333
58 0.0359375 0.934375 0.0375 0.07708333333333334
58 0.06796875 0.9322916666666666 0.0296875 0.06458333333333334
58 0.0984375 0.9302083333333333 0.03125 0.06458333333333334
49 0.1375 0.93125 0.028125 0.058333333333333334
40 0.1609375 0.9270833333333334 0.025 0.058333333333333334
49 0.184375 0.9291666666666667 0.021875 0.0625
40 0.20625 0.925 0.025 0.058333333333333334
38 0.2296875 0.9302083333333333 0.021875 0.06875
43 0.253125 0.9229166666666667 0.025 0.0625
44 0.271875 0.9197916666666667 0.0125 0.06875
38 0.28671875 0.921875 0.0171875 0.05625
46 0.30703125 0.9177083333333333 0.0265625 0.06458333333333334
40 0.33203125 0.921875 0.0234375 0.06041666666666667
49 0.35703125 0.925 0.0265625 0.058333333333333334
38 0.3890625 0.9260416666666667 0.028125 0.06041666666666667
50 0.41484375 0.9197916666666667 0.0265625 0.06041666666666667
48 0.44609375 0.928125 0.0359375 0.06041666666666667
4 0.6828125 0.9052083333333333 0.0375 0.08125
8 0.71640625 0.9083333333333333 0.0296875 0.07916666666666666
2 0.74609375 0.9072916666666667 0.0359375 0.07708333333333334
9 0.81328125 0.9052083333333333 0.0390625 0.08958333333333333
5 0.85 0.9052083333333333 0.028125 0.08541666666666667
8 0.8765625 0.90625 0.03125 0.0875
2 0.91171875 0.9041666666666667 0.0453125 0.0875
