11 0.33984375 0.125 0.0546875 0.10416666666666667
40 0.38515625 0.13541666666666666 0.0390625 0.075
55 0.41796875 0.13125 0.0234375 0.0875
55 0.44453125 0.128125 0.0234375 0.08541666666666667
40 0.475 0.1375 0.0375 0.07916666666666666
53 0.51171875 0.13333333333333333 0.0359375 0.07083333333333333
29 0.5875 0.12291666666666666 0.059375 0.09166666666666666
50 0.6359375 0.13958333333333334 0.0375 0.075
48 0.6859375 0.134375 0.059375 0.07291666666666667
50 0.73515625 0.134375 0.0453125 0.06875
53 0.7734375 0.13541666666666666 0.028125 0.07083333333333333
53 0.80078125 0.13333333333333333 0.0265625 0.07083333333333333
50 0.8359375 0.13333333333333333 0.040625 0.075
58 0.88359375 0.13125 0.0546875 0.07916666666666666
