58 0.11953125 0.26875 0.0578125 0.07916666666666666
58 0.16484375 0.26875 0.0296875 0.06666666666666667
58 0.1953125 0.26666666666666666 0.03125 0.06666666666666667
39 0.23359375 0.26458333333333334 0.0265625 0.075
50 0.25703125 0.2635416666666667 0.0203125 0.06875
47 0.2734375 0.26458333333333334 0.0125 0.07916666666666666
44 0.28515625 0.26145833333333335 0.0078125 0.07708333333333334
48 0.30625 0.26458333333333334 0.0375 0.0625
49 0.3484375 0.26666666666666666 0.03125 0.07083333333333333
40 0.37578125 0.265625 0.0203125 0.06875
55 0.4015625 0.2625 0.028125 0.075
29 0.4625 0.25729166666666664 0.03125 0.07291666666666667
14 0.490625 0.26145833333333335 0.025 0.07708333333333334
21 0.5140625 0.2604166666666667 0.021875 0.07916666666666666
4 0.56171875 0.259375 0.0328125 0.08125
8 0.615625 0.259375 0.03125 0.08125
8 0.6703125 0.25833333333333336 0.03125 0.075
0 0.7203125 0.25625 0.028125 0.08333333333333333
5 0.778125 0.25625 0.028125 0.08333333333333333
5 0.834375 0.25416666666666665 0.028125 0.08333333333333333
4 0.88828125 0.25833333333333336 0.0390625 0.07916666666666666
