20 0.43671875 0.22604166666666667 0.0453125 0.08958333333333333
16 0.5453125 0.23541666666666666 0.046875 0.0875
14 0.5921875 0.23541666666666666 0.046875 0.0875
4 0.45 0.8708333333333333 0.03125 0.09583333333333334
8 0.475 0.8677083333333333 0.01875 0.09375
5 0.49765625 0.865625 0.0265625 0.08958333333333333
1 0.546875 0.871875 0.03125 0.08541666666666667
1 0.57265625 0.8708333333333333 0.0203125 0.09166666666666666
1 0.59453125 0.8739583333333333 0.0203125 0.10208333333333333
7 0.62109375 0.875 0.0328125 0.0875
