32 0.125 0.615625 0.059375 0.06875
18 0.1609375 0.6125 0.0125 0.07916666666666666
23 0.18671875 0.6145833333333334 0.0421875 0.06666666666666667
18 0.21875 0.61875 0.021875 0.07916666666666666
10 0.25234375 0.6229166666666667 0.0453125 0.0625
4 0.6484375 0.5770833333333333 0.046875 0.06666666666666667
8 0.690625 0.5802083333333333 0.040625 0.07291666666666667
2 0.7296875 0.5770833333333333 0.04375 0.075
9 0.79453125 0.5770833333333333 0.0359375 0.06666666666666667
6 0.83203125 0.5770833333333333 0.0390625 0.075
7 0.87109375 0.5760416666666667 0.0359375 0.07708333333333334
8 0.91015625 0.571875 0.0453125 0.07291666666666667
4 0.6640625 0.6541666666666667 0.0375 0.05416666666666667
8 0.69765625 0.65625 0.0296875 0.0625
8 0.7296875 0.65625 0.0375 0.0625
2 0.80625 0.6625 0.03125 0.0625
9 0.8375 0.65625 0.03125 0.058333333333333334
1 0.86640625 0.65625 0.0203125 0.0625
0 0.89453125 0.6583333333333333 0.0328125 0.0625
