29 0.09140625 0.6572916666666667 0.0828125 0.12708333333333333
4 0.19140625 0.65 0.0671875 0.12083333333333333
8 0.2546875 0.6458333333333334 0.059375 0.1125
7 0.315625 0.6427083333333333 0.065625 0.11458333333333333
6 0.4375 0.634375 0.065625 0.11041666666666666
7 0.50078125 0.6270833333333333 0.0578125 0.12083333333333333
6 0.55625 0.61875 0.05625 0.10833333333333334
4 0.609375 0.625 0.053125 0.12083333333333333
0 0.68828125 0.6177083333333333 0.0546875 0.12291666666666666
6 0.7421875 0.60625 0.059375 0.1125
4 0.79765625 0.6052083333333333 0.0578125 0.11041666666666666
3 0.85390625 0.603125 0.0546875 0.10625
