14 0.153125 0.11979166666666667 0.040625 0.08125
31 0.19375 0.115625 0.04375 0.08541666666666667
14 0.2296875 0.12083333333333333 0.03125 0.0875
27 0.26328125 0.11979166666666667 0.0328125 0.07708333333333334
14 0.29375 0.11875 0.028125 0.075
28 0.31953125 0.121875 0.0265625 0.08125
29 0.35390625 0.11666666666666667 0.0359375 0.075
17 0.3984375 0.128125 0.046875 0.06875
18 0.43046875 0.128125 0.0140625 0.06875
22 0.45859375 0.12916666666666668 0.0390625 0.06666666666666667
10 0.4984375 0.12708333333333333 0.034375 0.075
21 0.52734375 0.13020833333333334 0.0328125 0.06875
10 0.5625 0.12916666666666668 0.0375 0.07083333333333333
34 0.59375 0.13125 0.025 0.08333333333333333
10 0.621875 0.13854166666666667 0.034375 0.07708333333333334
23 0.6578125 0.134375 0.04375 0.07291666666666667
27 0.70546875 0.146875 0.0359375 0.08125
10 0.7421875 0.14479166666666668 0.0375 0.08958333333333333
23 0.77890625 0.146875 0.0421875 0.08541666666666667
16 0.8171875 0.15104166666666666 0.034375 0.08125
14 0.853125 0.15104166666666666 0.040625 0.08125
