8 0.11171875 0.3875 0.0328125 0.10416666666666667
6 0.13984375 0.38333333333333336 0.0234375 0.1
7 0.1640625 0.38125 0.025 0.1
4 0.2140625 0.38645833333333335 0.028125 0.09791666666666667
9 0.2390625 0.3854166666666667 0.025 0.1125
8 0.26484375 0.38645833333333335 0.0328125 0.11041666666666666
2 0.2953125 0.38645833333333335 0.025 0.10208333333333333
17 0.3421875 0.384375 0.034375 0.10208333333333333
25 0.37890625 0.3854166666666667 0.0265625 0.09583333333333334
0 0.42109375 0.3875 0.0296875 0.09583333333333334
1 0.44609375 0.3885416666666667 0.0140625 0.09791666666666667
0 0.46953125 0.39166666666666666 0.0328125 0.10416666666666667
3 0.52421875 0.3854166666666667 0.0265625 0.10416666666666667
1 0.5484375 0.38333333333333336 0.025 0.10416666666666667
9 0.5765625 0.38125 0.028125 0.10416666666666667
1 0.59921875 0.378125 0.0203125 0.10208333333333333
0 0.65 0.38645833333333335 0.01875 0.09375
1 0.671875 0.3802083333333333 0.021875 0.08958333333333333
5 0.696875 0.384375 0.028125 0.11041666666666666
2 0.725 0.3885416666666667 0.025 0.09375
