22 0.10859375 0.41770833333333335 0.1203125 0.16875
53 0.21171875 0.446875 0.0765625 0.10208333333333333
12 0.2875 0.4270833333333333 0.08125 0.13333333333333333
43 0.353125 0.42916666666666664 0.05 0.13333333333333333
44 0.39453125 0.428125 0.0265625 0.13125
38 0.43203125 0.45625 0.0484375 0.0875
46 0.4828125 0.434375 0.059375 0.14375
40 0.5421875 0.46458333333333335 0.053125 0.0875
49 0.60234375 0.4625 0.0609375 0.1
11 0.771875 0.4395833333333333 0.065625 0.14166666666666666
40 0.83515625 0.46770833333333334 0.0515625 0.09375
40 0.890625 0.46979166666666666 0.05 0.09375
53 0.9453125 0.46979166666666666 0.059375 0.09791666666666667
