27 0.12265625 0.6416666666666667 0.0796875 0.125
40 0.19140625 0.65625 0.0546875 0.09166666666666666
41 0.234375 0.6447916666666667 0.034375 0.13958333333333334
40 0.27890625 0.65625 0.0609375 0.10416666666666667
53 0.328125 0.6520833333333333 0.0375 0.09583333333333334
40 0.3734375 0.6614583333333334 0.05 0.09375
49 0.43046875 0.659375 0.0578125 0.10208333333333333
38 0.48828125 0.6583333333333333 0.0515625 0.1
40 0.54296875 0.6552083333333333 0.0578125 0.09791666666666667
27 0.62734375 0.64375 0.0828125 0.13333333333333333
50 0.69609375 0.6458333333333334 0.0578125 0.10416666666666667
50 0.75390625 0.6572916666666667 0.0515625 0.08958333333333333
48 0.82578125 0.6645833333333333 0.0921875 0.09583333333333334
