50 0.4671875 0.5072916666666667 0.059375 0.09375
46 0.5203125 0.496875 0.04375 0.11458333333333333
51 0.56640625 0.5020833333333333 0.0546875 0.125
36 0.615625 0.496875 0.053125 0.11458333333333333
54 0.66328125 0.49895833333333334 0.0421875 0.10208333333333333
54 0.7078125 0.49166666666666664 0.05625 0.10416666666666667
38 0.78515625 0.49166666666666664 0.0546875 0.09583333333333334
50 0.8375 0.49375 0.05 0.09583333333333334
48 0.8953125 0.4875 0.071875 0.10833333333333334
50 0.4640625 0.6489583333333333 0.05 0.10625
46 0.5140625 0.6364583333333333 0.0625 0.12708333333333333
51 0.57578125 0.6572916666666667 0.0546875 0.12708333333333333
36 0.63125 0.6416666666666667 0.059375 0.10416666666666667
54 0.684375 0.6395833333333333 0.053125 0.10416666666666667
54 0.7359375 0.640625 0.053125 0.11875
49 0.8265625 0.6416666666666667 0.05625 0.09583333333333334
40 0.88359375 0.6375 0.0578125 0.10416666666666667
55 0.93984375 0.6322916666666667 0.0515625 0.11875
