2 0.17421875 0.6489583333333333 0.0921875 0.28958333333333336
4 0.2328125 0.64375 0.084375 0.26666666666666666
1 0.48828125 0.43333333333333335 0.0359375 0.06666666666666667
5 0.528125 0.42083333333333334 0.040625 0.075
8 0.56640625 0.4166666666666667 0.0359375 0.075
8 0.60625 0.409375 0.046875 0.07708333333333334
2 0.6796875 0.396875 0.04375 0.08125
4 0.7234375 0.384375 0.04375 0.07708333333333334
1 0.76171875 0.37604166666666666 0.0328125 0.07291666666666667
3 0.809375 0.37395833333333334 0.065625 0.07708333333333334
8 0.5859375 0.8229166666666666 0.040625 0.10833333333333334
2 0.628125 0.8197916666666667 0.05 0.10625
5 0.67109375 0.815625 0.0359375 0.11041666666666666
2 0.740625 0.815625 0.040625 0.13125
4 0.78203125 0.8052083333333333 0.0484375 0.12708333333333333
1 0.8203125 0.8072916666666666 0.025 0.12708333333333333
3 0.85703125 0.8072916666666666 0.0515625 0.13125
