58 0.0609375 0.40625 0.0625 0.0875
58 0.12265625 0.40625 0.0609375 0.0875
58 0.1796875 0.40729166666666666 0.065625 0.09375
38 0.2484375 0.4083333333333333 0.0625 0.0875
43 0.30078125 0.4041666666666667 0.0515625 0.10416666666666667
50 0.35390625 0.403125 0.0546875 0.10208333333333333
49 0.40625 0.403125 0.046875 0.10208333333333333
42 0.45390625 0.4083333333333333 0.0578125 0.125
53 0.49375 0.39479166666666665 0.03125 0.10208333333333333
50 0.5359375 0.4114583333333333 0.053125 0.08958333333333333
60 0.58359375 0.415625 0.0484375 0.10208333333333333
56 0.6296875 0.40520833333333334 0.04375 0.08958333333333333
43 0.6765625 0.4010416666666667 0.05 0.09375
36 0.72890625 0.4 0.0546875 0.1
46 0.77734375 0.4 0.0421875 0.1
38 0.84140625 0.4125 0.0578125 0.0875
50 0.896875 0.409375 0.053125 0.08541666666666667
48 0.95625 0.4083333333333333 0.071875 0.0875
