5 0.35625 0.27291666666666664 0.11875 0.17916666666666667
27 0.25703125 0.48541666666666666 0.0515625 0.0875
40 0.3015625 0.49583333333333335 0.040625 0.07916666666666666
36 0.33984375 0.4947916666666667 0.0390625 0.08125
39 0.378125 0.48020833333333335 0.040625 0.08541666666666667
44 0.40859375 0.48541666666666666 0.0203125 0.10416666666666667
49 0.4359375 0.49270833333333336 0.034375 0.07291666666666667
42 0.47265625 0.503125 0.0453125 0.10625
27 0.528125 0.48333333333333334 0.059375 0.09583333333333334
50 0.57734375 0.496875 0.0390625 0.07708333333333334
50 0.615625 0.49270833333333336 0.04375 0.07291666666666667
48 0.67109375 0.49375 0.0703125 0.075
5 0.73515625 0.496875 0.0640625 0.10625
