29 0.20625 0.478125 0.071875 0.12291666666666666
36 0.27109375 0.490625 0.0578125 0.11041666666666666
54 0.3265625 0.48854166666666665 0.059375 0.11041666666666666
46 0.3859375 0.4895833333333333 0.053125 0.125
23 0.47421875 0.49270833333333336 0.0734375 0.13958333333333334
50 0.53828125 0.48854166666666665 0.0546875 0.09375
55 0.5859375 0.484375 0.0375 0.10208333333333333
44 0.61484375 0.490625 0.0234375 0.11875
38 0.65546875 0.496875 0.0515625 0.10208333333333333
40 0.71015625 0.49583333333333335 0.0703125 0.09583333333333334
