31 0.23984375 0.5604166666666667 0.0484375 0.09583333333333334
44 0.27109375 0.5583333333333333 0.0203125 0.09583333333333334
39 0.296875 0.5583333333333333 0.034375 0.09166666666666666
40 0.33046875 0.559375 0.0359375 0.09375
50 0.3671875 0.5614583333333333 0.0375 0.10208333333333333
10 0.48203125 0.565625 0.0484375 0.09375
56 0.52421875 0.5708333333333333 0.0328125 0.0875
39 0.55703125 0.5645833333333333 0.0328125 0.09166666666666666
44 0.58046875 0.5625 0.0203125 0.1
50 0.61171875 0.5739583333333333 0.0421875 0.07708333333333334
27 0.6625 0.565625 0.05 0.08541666666666667
50 0.70234375 0.571875 0.0328125 0.07291666666666667
50 0.73515625 0.5739583333333333 0.0390625 0.06875
48 0.7828125 0.5791666666666667 0.0625 0.07083333333333333
