39 0.29453125 0.5333333333333333 0.0296875 0.0875
56 0.459375 0.540625 0.025 0.06875
42 0.5109375 0.5447916666666667 0.021875 0.07291666666666667
28 0.215625 0.5239583333333333 0.040625 0.08125
55 0.24609375 0.5270833333333333 0.0171875 0.075
56 0.26796875 0.5260416666666666 0.0234375 0.07708333333333334
40 0.32265625 0.5322916666666667 0.0265625 0.06875
49 0.34921875 0.534375 0.0265625 0.06041666666666667
55 0.37265625 0.53125 0.0203125 0.07083333333333333
21 0.403125 0.528125 0.03125 0.07708333333333334
50 0.4328125 0.5333333333333333 0.028125 0.06666666666666667
49 0.484375 0.5385416666666667 0.025 0.052083333333333336
40 0.5390625 0.5364583333333334 0.028125 0.06041666666666667
