34 0.10859375 0.6677083333333333 0.0328125 0.07291666666666667
24 0.1328125 0.684375 0.01875 0.052083333333333336
24 0.15234375 0.6875 0.0203125 0.05
23 0.17578125 0.6864583333333333 0.0265625 0.04791666666666667
28 0.20390625 0.684375 0.0296875 0.06041666666666667
14 0.0984375 0.74375 0.04375 0.07916666666666666
23 0.1328125 0.7572916666666667 0.025 0.06458333333333334
16 0.15625 0.7541666666666667 0.021875 0.06666666666666667
21 0.17578125 0.7520833333333333 0.0203125 0.058333333333333334
18 0.19140625 0.7479166666666667 0.0109375 0.0625
28 0.20625 0.75 0.01875 0.0625
17 0.23046875 0.753125 0.0265625 0.07291666666666667
28 0.09609375 0.8177083333333334 0.0359375 0.07291666666666667
12 0.125 0.8270833333333333 0.021875 0.0625
17 0.14765625 0.8270833333333333 0.0234375 0.06666666666666667
24 0.17109375 0.8270833333333333 0.0234375 0.07083333333333333
24 0.19453125 0.8270833333333333 0.0234375 0.07083333333333333
21 0.21640625 0.828125 0.0203125 0.06458333333333334
