30 0.39609375 0.60625 0.0453125 0.08333333333333333
17 0.25234375 0.5958333333333333 0.0453125 0.075
10 0.2890625 0.5916666666666667 0.025 0.075
23 0.31796875 0.6 0.0328125 0.075
10 0.35 0.6 0.028125 0.0625
17 0.4421875 0.5979166666666667 0.040625 0.07083333333333333
10 0.4734375 0.5989583333333334 0.021875 0.07291666666666667
20 0.50234375 0.5989583333333334 0.0328125 0.08125
17 0.30546875 0.846875 0.0515625 0.08541666666666667
10 0.353125 0.846875 0.040625 0.07708333333333334
23 0.39453125 0.8458333333333333 0.0453125 0.07916666666666666
10 0.4359375 0.846875 0.0375 0.07291666666666667
29 0.471875 0.84375 0.034375 0.07916666666666666
24 0.51015625 0.8510416666666667 0.0421875 0.07708333333333334
30 0.54921875 0.846875 0.0453125 0.08125
27 0.59765625 0.8489583333333334 0.0515625 0.07708333333333334
