29 0.73125 0.2552083333333333 0.040625 0.09375
0 0.78359375 0.2635416666666667 0.0390625 0.08541666666666667
2 0.82265625 0.2677083333333333 0.0328125 0.08958333333333333
7 0.72421875 0.34375 0.0359375 0.07916666666666666
2 0.7578125 0.34270833333333334 0.03125 0.09375
3 0.79453125 0.3489583333333333 0.0296875 0.08958333333333333
7 0.840625 0.35520833333333335 0.03125 0.07708333333333334
3 0.87109375 0.35833333333333334 0.0328125 0.0875
9 0.9015625 0.35 0.034375 0.0875
6 0.93515625 0.35 0.0328125 0.09166666666666666
