14 0.1765625 0.17604166666666668 0.046875 0.13958333333333334
31 0.22734375 0.178125 0.0578125 0.13958333333333334
14 0.27734375 0.178125 0.0421875 0.14375
23 0.321875 0.17291666666666666 0.053125 0.14166666666666666
29 0.36953125 0.175 0.0484375 0.14166666666666666
1 0.45546875 0.18125 0.0515625 0.12916666666666668
5 0.51171875 0.34375 0.0671875 0.14166666666666666
0 0.57421875 0.3458333333333333 0.0515625 0.1375
14 0.16640625 0.6104166666666667 0.0515625 0.13333333333333333
31 0.21953125 0.6145833333333334 0.0609375 0.14166666666666666
14 0.2703125 0.615625 0.04375 0.14375
23 0.31640625 0.6125 0.0515625 0.13333333333333333
29 0.36484375 0.6125 0.0546875 0.14166666666666666
2 0.4453125 0.6197916666666666 0.10625 0.13958333333333334
