22 0.09609375 0.084375 0.0953125 0.13958333333333334
24 0.1921875 0.08125 0.109375 0.1625
28 0.278125 0.09375 0.06875 0.13333333333333333
4 0.39375 0.578125 0.04375 0.12291666666666666
8 0.5875 0.5739583333333333 0.0625 0.12708333333333333
2 0.64609375 0.5739583333333333 0.0515625 0.13125
4 0.69765625 0.571875 0.0515625 0.12708333333333333
9 0.8078125 0.5770833333333333 0.0625 0.12083333333333333
1 0.85625 0.5760416666666667 0.040625 0.11875
0 0.90625 0.575 0.059375 0.12083333333333333
5 0.9609375 0.5770833333333333 0.05 0.14166666666666666
