19 0.184375 0.453125 0.04375 0.08958333333333333
36 0.22109375 0.4552083333333333 0.0296875 0.07708333333333334
49 0.2484375 0.45208333333333334 0.03125 0.06666666666666667
49 0.9125 0.4739583333333333 0.03125 0.06458333333333334
42 0.28046875 0.4625 0.0328125 0.0875
39 0.31171875 0.45729166666666665 0.0328125 0.08125
36 0.34296875 0.46041666666666664 0.0328125 0.058333333333333334
40 0.37578125 0.4625 0.0328125 0.06666666666666667
23 0.42421875 0.46041666666666664 0.0421875 0.09166666666666666
40 0.46015625 0.46145833333333336 0.0328125 0.07708333333333334
42 0.49140625 0.4739583333333333 0.0359375 0.08541666666666667
40 0.525 0.4625 0.028125 0.075
50 0.5515625 0.4635416666666667 0.03125 0.07708333333333334
53 0.578125 0.4666666666666667 0.021875 0.07916666666666666
44 0.5984375 0.46041666666666664 0.01875 0.08333333333333333
18 0.63359375 0.4625 0.0265625 0.09166666666666666
49 0.65703125 0.4666666666666667 0.0234375 0.07083333333333333
55 0.68046875 0.459375 0.0203125 0.08541666666666667
40 0.70390625 0.46875 0.0265625 0.075
53 0.728125 0.465625 0.021875 0.07708333333333334
54 0.7546875 0.471875 0.034375 0.07708333333333334
40 0.7859375 0.471875 0.028125 0.08125
38 0.8125 0.46770833333333334 0.028125 0.08125
55 0.83828125 0.46145833333333336 0.0203125 0.08541666666666667
44 0.8578125 0.4635416666666667 0.015625 0.09375
50 0.878125 0.47604166666666664 0.028125 0.08125
