51 0.0484375 0.634375 0.084375 0.15625
40 0.12109375 0.6364583333333333 0.0640625 0.11041666666666666
53 0.178125 0.6375 0.05 0.11666666666666667
44 0.21875 0.6177083333333333 0.034375 0.13541666666666666
50 0.2671875 0.6364583333333333 0.06875 0.09791666666666667
39 0.33828125 0.621875 0.0765625 0.14791666666666667
44 0.39296875 0.6166666666666667 0.0328125 0.14166666666666666
38 0.43671875 0.6270833333333333 0.0578125 0.1125
36 0.50078125 0.628125 0.0703125 0.09791666666666667
47 0.55390625 0.6166666666666667 0.0359375 0.125
54 0.60234375 0.6302083333333334 0.0640625 0.11041666666666666
