12 0.24453125 0.5020833333333333 0.0578125 0.1
50 0.290625 0.5072916666666667 0.0375 0.07708333333333334
49 0.32734375 0.5052083333333334 0.0328125 0.06875
41 0.35703125 0.496875 0.0296875 0.08541666666666667
40 0.38671875 0.5052083333333334 0.0359375 0.06041666666666667
53 0.4203125 0.5 0.03125 0.07083333333333333
40 0.45078125 0.5020833333333333 0.0296875 0.075
49 0.48359375 0.5 0.0390625 0.075
38 0.51953125 0.503125 0.0328125 0.07291666666666667
40 0.55390625 0.5020833333333333 0.0421875 0.075
27 0.609375 0.496875 0.053125 0.08958333333333333
50 0.65078125 0.49895833333333334 0.0359375 0.06458333333333334
50 0.68671875 0.5020833333333333 0.0390625 0.07083333333333333
48 0.73359375 0.5041666666666667 0.0515625 0.075
