15 0.11875 0.5208333333333334 0.159375 0.2875
36 0.24921875 0.5583333333333333 0.1328125 0.20416666666666666
49 0.36640625 0.5541666666666667 0.1109375 0.20416666666666666
55 0.4546875 0.5239583333333333 0.11875 0.2604166666666667
36 0.54296875 0.5802083333333333 0.1265625 0.20208333333333334
54 0.6515625 0.5635416666666667 0.0875 0.24375
60 0.74921875 0.63125 0.1109375 0.2833333333333333
38 0.23046875 0.3260416666666667 0.0578125 0.15625
43 0.29609375 0.30833333333333335 0.0828125 0.175
53 0.3609375 0.3375 0.046875 0.1125
44 0.3984375 0.3177083333333333 0.03125 0.14791666666666667
54 0.43671875 0.334375 0.0453125 0.11875
55 0.4796875 0.3229166666666667 0.040625 0.14583333333333334
48 0.53828125 0.3489583333333333 0.0734375 0.11458333333333333
36 0.603125 0.353125 0.059375 0.11875
54 0.66171875 0.3489583333333333 0.0671875 0.11875
