19 0.16171875 0.7385416666666667 0.0546875 0.10208333333333333
17 0.2203125 0.7395833333333334 0.059375 0.10416666666666667
29 0.321875 0.884375 0.034375 0.06875
8 0.3828125 0.890625 0.028125 0.06458333333333334
2 0.41953125 0.8927083333333333 0.0328125 0.06875
4 0.45390625 0.8895833333333333 0.0328125 0.07083333333333333
6 0.5203125 0.8885416666666667 0.03125 0.07708333333333334
0 0.55234375 0.89375 0.0328125 0.07083333333333333
0 0.584375 0.8895833333333333 0.028125 0.075
7 0.61640625 0.8958333333333334 0.0390625 0.08333333333333333
