17 0.53359375 0.21354166666666666 0.0734375 0.10625
10 0.59140625 0.22083333333333333 0.0578125 0.10416666666666667
18 0.6265625 0.22083333333333333 0.01875 0.10416666666666667
27 0.659375 0.22083333333333333 0.05 0.09166666666666666
16 0.7125 0.215625 0.05 0.09791666666666667
10 0.76015625 0.21770833333333334 0.0484375 0.10625
21 0.803125 0.21875 0.0375 0.1
21 0.840625 0.21666666666666667 0.040625 0.1125
14 0.88046875 0.22083333333333333 0.0453125 0.09166666666666666
27 0.92265625 0.215625 0.0453125 0.08958333333333333
34 0.9671875 0.21666666666666667 0.040625 0.09583333333333334
