29 0.1734375 0.13645833333333332 0.096875 0.19791666666666666
43 0.27265625 0.13541666666666666 0.0984375 0.1875
40 0.36953125 0.15833333333333333 0.0921875 0.14166666666666666
18 0.04921875 0.3260416666666667 0.0734375 0.20208333333333334
49 0.13125 0.3385416666666667 0.09375 0.16875
57 0.21875 0.340625 0.08125 0.15208333333333332
40 0.30625 0.34479166666666666 0.09375 0.14375
49 0.39921875 0.3458333333333333 0.0953125 0.15
55 0.47421875 0.34375 0.0609375 0.15416666666666667
44 0.53359375 0.32708333333333334 0.0515625 0.17916666666666667
50 0.60546875 0.3385416666666667 0.0921875 0.14375
49 0.70546875 0.33541666666666664 0.1046875 0.1375
10 0.121875 0.5875 0.18125 0.275
56 0.25546875 0.5614583333333333 0.0796875 0.15208333333333332
55 0.328125 0.553125 0.05625 0.13541666666666666
50 0.40390625 0.5614583333333333 0.0859375 0.13541666666666666
49 0.49921875 0.56875 0.1015625 0.15416666666666667
50 0.5984375 0.5625 0.09375 0.12916666666666668
48 0.71796875 0.5635416666666667 0.1421875 0.13541666666666666
60 0.84296875 0.5875 0.1046875 0.1875
50 0.86484375 0.334375 0.0984375 0.14791666666666667
41 0.953125 0.309375 0.0875 0.18958333333333333
