16 0.0640625 0.32708333333333334 0.1 0.2
40 0.1484375 0.3572916666666667 0.071875 0.14375
50 0.21953125 0.359375 0.0796875 0.15208333333333332
53 0.2796875 0.34375 0.046875 0.13333333333333333
42 0.33828125 0.3697916666666667 0.0765625 0.16875
40 0.4046875 0.35833333333333334 0.06875 0.1375
54 0.47265625 0.35833333333333334 0.0671875 0.11666666666666667
11 0.58046875 0.3375 0.0953125 0.19166666666666668
53 0.6484375 0.34270833333333334 0.053125 0.16458333333333333
36 0.70859375 0.36666666666666664 0.0578125 0.1375
52 0.77421875 0.3770833333333333 0.0796875 0.17083333333333334
56 0.84765625 0.35833333333333334 0.0671875 0.14166666666666666
40 0.921875 0.3572916666666667 0.075 0.13541666666666666
