19 0.07890625 0.48125 0.0453125 0.10416666666666667
36 0.11640625 0.4895833333333333 0.0328125 0.09583333333333334
49 0.15 0.49270833333333336 0.040625 0.08541666666666667
42 0.18828125 0.5 0.0390625 0.10416666666666667
39 0.228125 0.4875 0.040625 0.10416666666666667
36 0.2640625 0.5 0.03125 0.0875
40 0.29921875 0.49895833333333334 0.0390625 0.08958333333333333
14 0.3546875 0.49583333333333335 0.04375 0.09166666666666666
47 0.38671875 0.49375 0.0171875 0.10416666666666667
40 0.41171875 0.5072916666666667 0.0359375 0.07291666666666667
48 0.45234375 0.50625 0.0453125 0.07083333333333333
40 0.49296875 0.5010416666666667 0.0421875 0.07708333333333334
49 0.53125 0.503125 0.03125 0.08958333333333333
55 0.5578125 0.4979166666666667 0.01875 0.09166666666666666
36 0.58359375 0.5052083333333334 0.0328125 0.08125
53 0.61640625 0.5010416666666667 0.0296875 0.08958333333333333
60 0.64765625 0.5197916666666667 0.0296875 0.13125
28 0.7 0.4979166666666667 0.046875 0.1
38 0.740625 0.5083333333333333 0.028125 0.0875
43 0.771875 0.5052083333333334 0.0375 0.08541666666666667
50 0.809375 0.5125 0.03125 0.07083333333333333
50 0.84296875 0.5177083333333333 0.0328125 0.09375
47 0.875 0.5114583333333333 0.028125 0.09375
