1 0.22109375 0.33645833333333336 0.0609375 0.12291666666666666
4 0.28671875 0.32916666666666666 0.0734375 0.12083333333333333
0 0.35625 0.32916666666666666 0.071875 0.12083333333333333
1 0.41484375 0.334375 0.0515625 0.13541666666666666
1 0.5234375 0.34375 0.04375 0.125
4 0.58125 0.3416666666666667 0.071875 0.13333333333333333
4 0.65234375 0.334375 0.0671875 0.12708333333333333
3 0.721875 0.340625 0.078125 0.13541666666666666
2 0.22734375 0.4822916666666667 0.0703125 0.13125
4 0.29375 0.48020833333333335 0.06875 0.13125
0 0.36484375 0.47708333333333336 0.0703125 0.12083333333333333
1 0.415625 0.48020833333333335 0.040625 0.13541666666666666
2 0.525 0.4947916666666667 0.065625 0.12708333333333333
4 0.58984375 0.4947916666666667 0.0703125 0.13541666666666666
5 0.65625 0.4947916666666667 0.065625 0.14791666666666667
2 0.72109375 0.49375 0.0671875 0.14166666666666666
3 0.21875 0.6270833333333333 0.078125 0.12083333333333333
4 0.28984375 0.6302083333333334 0.0640625 0.12708333333333333
0 0.35546875 0.621875 0.0703125 0.11875
1 0.41484375 0.625 0.0515625 0.1375
3 0.51875 0.6364583333333333 0.059375 0.13541666666666666
4 0.5828125 0.6354166666666666 0.06875 0.13333333333333333
4 0.6484375 0.6375 0.065625 0.1375
9 0.715625 0.6427083333333333 0.06875 0.13958333333333334
