12 0.0625 0.43020833333333336 0.05 0.09375
43 0.103125 0.42916666666666664 0.040625 0.0875
56 0.140625 0.4354166666666667 0.034375 0.08333333333333333
49 0.1765625 0.4354166666666667 0.0375 0.09166666666666666
47 0.5984375 0.45729166666666665 0.01875 0.09375
53 0.79921875 0.465625 0.0234375 0.07708333333333334
54 0.82578125 0.4635416666666667 0.0296875 0.08125
44 0.8515625 0.465625 0.015625 0.08958333333333333
55 0.86953125 0.46145833333333336 0.0203125 0.07708333333333334
60 0.89609375 0.4791666666666667 0.0390625 0.10416666666666667
42 0.21328125 0.44583333333333336 0.0328125 0.08333333333333333
49 0.24609375 0.44375 0.0359375 0.07083333333333333
36 0.28203125 0.440625 0.0390625 0.07291666666666667
48 0.3265625 0.44375 0.05 0.075
23 0.38984375 0.4479166666666667 0.0421875 0.0875
36 0.42890625 0.45729166666666665 0.0359375 0.06458333333333334
55 0.4609375 0.45 0.021875 0.075
44 0.4796875 0.4510416666666667 0.015625 0.08958333333333333
50 0.50390625 0.4552083333333333 0.0328125 0.08541666666666667
49 0.53828125 0.4510416666666667 0.0359375 0.08125
36 0.571875 0.45625 0.03125 0.06666666666666667
30 0.65 0.45416666666666666 0.04375 0.07916666666666666
49 0.68828125 0.46458333333333335 0.0328125 0.075
44 0.7125 0.45729166666666665 0.015625 0.08125
57 0.73671875 0.46145833333333336 0.0328125 0.07291666666666667
40 0.76953125 0.46458333333333335 0.0328125 0.06666666666666667
