42 0.4125 0.453125 0.109375 0.24791666666666667
44 0.4953125 0.41041666666666665 0.065625 0.24166666666666667
41 0.5578125 0.40208333333333335 0.06875 0.24583333333333332
55 0.6484375 0.43125 0.1125 0.2375
1 0.22109375 0.646875 0.0359375 0.08958333333333333
7 0.25859375 0.6479166666666667 0.0390625 0.09166666666666666
0 0.30703125 0.6458333333333334 0.0359375 0.08333333333333333
0 0.340625 0.6458333333333334 0.028125 0.09583333333333334
0 0.3703125 0.6416666666666667 0.03125 0.09166666666666666
50 0.728125 0.7833333333333333 0.059375 0.1125
53 0.78046875 0.7833333333333333 0.0421875 0.10833333333333334
