22 0.4015625 0.7510416666666667 0.071875 0.11041666666666666
36 0.459375 0.7416666666666667 0.0375 0.07916666666666666
55 0.49296875 0.7427083333333333 0.0390625 0.09375
55 0.525 0.7375 0.028125 0.09583333333333334
40 0.55703125 0.74375 0.0421875 0.07083333333333333
53 0.5953125 0.740625 0.034375 0.06875
12 0.25703125 0.8875 0.0609375 0.1125
50 0.31015625 0.8979166666666667 0.0453125 0.075
49 0.35625 0.8989583333333333 0.053125 0.07291666666666667
54 0.4 0.89375 0.03125 0.07916666666666666
38 0.4328125 0.896875 0.034375 0.07291666666666667
44 0.459375 0.8875 0.021875 0.10416666666666667
50 0.4953125 0.9 0.05 0.06666666666666667
56 0.5453125 0.8927083333333333 0.04375 0.06875
54 0.5875 0.89375 0.034375 0.0625
49 0.6265625 0.8916666666666667 0.04375 0.07083333333333333
40 0.66796875 0.890625 0.0421875 0.07708333333333334
54 0.70546875 0.884375 0.0328125 0.07708333333333334
54 0.7453125 0.8875 0.053125 0.07916666666666666
49 0.57578125 0.8260416666666667 0.0421875 0.07291666666666667
39 0.6234375 0.8052083333333333 0.05 0.08958333333333333
36 0.5265625 0.81875 0.05 0.0625
