57 0.6421875 0.3416666666666667 0.034375 0.058333333333333334
44 0.66328125 0.33645833333333336 0.0140625 0.06875
54 0.68125 0.33645833333333336 0.021875 0.052083333333333336
44 0.6984375 0.33125 0.0125 0.07083333333333333
50 0.71640625 0.3385416666666667 0.0234375 0.04791666666666667
49 0.740625 0.340625 0.025 0.05625
13 0.5390625 0.265625 0.05625 0.09791666666666667
10 0.5859375 0.259375 0.046875 0.08958333333333333
32 0.634375 0.25729166666666664 0.065625 0.09375
24 0.68515625 0.2635416666666667 0.0421875 0.08958333333333333
24 0.728125 0.2708333333333333 0.053125 0.09166666666666666
