2 0.4734375 0.3489583333333333 0.1125 0.22708333333333333
5 0.58984375 0.35104166666666664 0.1109375 0.23541666666666666
29 0.17109375 0.8125 0.0859375 0.175
8 0.315625 0.8145833333333333 0.08125 0.16666666666666666
6 0.390625 0.8177083333333334 0.06875 0.17291666666666666
4 0.46484375 0.8114583333333333 0.0765625 0.17708333333333334
1 0.60859375 0.8114583333333333 0.0734375 0.17708333333333334
0 0.6796875 0.8072916666666666 0.075 0.18958333333333333
0 0.75390625 0.8135416666666667 0.0765625 0.17291666666666666
4 0.834375 0.8197916666666667 0.0875 0.18541666666666667
