13 0.55703125 0.5875 0.0859375 0.23333333333333334
31 0.61796875 0.5854166666666667 0.0671875 0.23333333333333334
13 0.68984375 0.5895833333333333 0.0828125 0.23333333333333334
8 0.26796875 0.8041666666666667 0.0546875 0.0875
2 0.3171875 0.8020833333333334 0.040625 0.0875
6 0.359375 0.8052083333333333 0.040625 0.09791666666666667
1 0.4453125 0.7989583333333333 0.0375 0.08958333333333333
9 0.484375 0.8010416666666667 0.04375 0.08541666666666667
6 0.52890625 0.8041666666666667 0.0390625 0.09166666666666666
0 0.571875 0.803125 0.046875 0.08125
