29 0.196875 0.5104166666666666 0.028125 0.0625
14 0.2265625 0.509375 0.021875 0.06041666666666667
21 0.25234375 0.5083333333333333 0.0234375 0.0625
4 0.29296875 0.50625 0.0359375 0.0625
8 0.32578125 0.5125 0.0265625 0.06666666666666667
5 0.35625 0.5104166666666666 0.034375 0.058333333333333334
6 0.4234375 0.509375 0.0375 0.06041666666666667
5 0.46015625 0.5104166666666666 0.0234375 0.0625
6 0.49140625 0.509375 0.0265625 0.06458333333333334
8 0.525 0.5125 0.034375 0.07083333333333333
1 0.64453125 0.5125 0.0234375 0.05416666666666667
1 0.7453125 0.5114583333333333 0.01875 0.052083333333333336
0 0.7703125 0.5083333333333333 0.028125 0.05416666666666667
3 0.79921875 0.5083333333333333 0.0296875 0.05416666666666667
