29 0.5796875 0.7760416666666666 0.028125 0.06875
14 0.6046875 0.7760416666666666 0.021875 0.08125
21 0.62734375 0.775 0.0296875 0.07083333333333333
8 0.67890625 0.775 0.0359375 0.075
2 0.7125 0.7770833333333333 0.034375 0.07916666666666666
2 0.75078125 0.7729166666666667 0.0421875 0.08333333333333333
0 0.8078125 0.7791666666666667 0.040625 0.08333333333333333
8 0.85 0.7729166666666667 0.040625 0.07916666666666666
7 0.8875 0.7677083333333333 0.034375 0.08125
3 0.9234375 0.7791666666666667 0.034375 0.09166666666666666
