11 0.21328125 0.6885416666666667 0.0828125 0.13541666666666666
10 0.3375 0.6916666666666667 0.1 0.15
20 0.47421875 0.690625 0.1109375 0.13541666666666666
14 0.61328125 0.6895833333333333 0.1203125 0.15
27 0.72421875 0.6885416666666667 0.0796875 0.14375
34 0.83046875 0.6739583333333333 0.1140625 0.11875
12 0.21875 0.5375 0.121875 0.175
27 0.35 0.5416666666666666 0.096875 0.18333333333333332
24 0.475 0.5322916666666667 0.128125 0.16041666666666668
32 0.63515625 0.528125 0.1546875 0.17708333333333334
23 0.81171875 0.5385416666666667 0.1546875 0.20208333333333334
