27 0.15703125 0.375 0.0859375 0.19166666666666668
40 0.2421875 0.38958333333333334 0.084375 0.1375
49 0.3234375 0.39895833333333336 0.078125 0.12291666666666666
55 0.3875 0.38229166666666664 0.04375 0.16875
36 0.44609375 0.4 0.0671875 0.13333333333333333
47 0.49765625 0.38229166666666664 0.0359375 0.17291666666666666
17 0.5828125 0.39375 0.109375 0.19166666666666668
50 0.684375 0.415625 0.09375 0.12291666666666666
56 0.76796875 0.41354166666666664 0.0703125 0.14375
54 0.83203125 0.41458333333333336 0.0640625 0.14583333333333334
40 0.90859375 0.41354166666666664 0.0921875 0.13125
4 0.75390625 0.56875 0.0359375 0.075
8 0.784375 0.565625 0.025 0.06875
6 0.81328125 0.5666666666666667 0.0296875 0.075
4 0.86796875 0.5729166666666666 0.0296875 0.07083333333333333
5 0.8984375 0.5708333333333333 0.03125 0.07083333333333333
7 0.9265625 0.5729166666666666 0.021875 0.07916666666666666
0 0.95078125 0.58125 0.0296875 0.08333333333333333
