11 0.44 0.44625 0.11 0.17916666666666667
24 0.5403125 0.46 0.093125 0.16
28 0.6225 0.47041666666666665 0.07 0.15583333333333332
12 0.6921875 0.4820833333333333 0.074375 0.1475
24 0.7690625 0.49875 0.079375 0.13583333333333333
11 0.1740625 0.41 0.080625 0.11166666666666666
10 0.246875 0.4191666666666667 0.06375 0.105
27 0.31625 0.42916666666666664 0.07375 0.10333333333333333
11 0.4059375 0.9079166666666667 0.015625 0.034166666666666665
24 0.4228125 0.9091666666666667 0.016875 0.035
28 0.4378125 0.9079166666666667 0.013125 0.0325
12 0.4515625 0.90875 0.011875 0.034166666666666665
24 0.46625 0.9083333333333333 0.0175 0.03166666666666667
30 0.024375 0.4195833333333333 0.02 0.07583333333333334
23 0.043125 0.43041666666666667 0.02125 0.06583333333333333
14 0.0628125 0.44208333333333333 0.020625 0.06416666666666666
6 0.005625 0.49041666666666667 0.0075 0.03916666666666667
1 0.0146875 0.49416666666666664 0.006875 0.035
69 0.0240625 0.4979166666666667 0.008125 0.0175
3 0.031875 0.5033333333333333 0.00875 0.043333333333333335
3 0.040625 0.50875 0.00875 0.03916666666666667
6 0.05 0.5141666666666667 0.0075 0.03833333333333333
3 0.0584375 0.5179166666666667 0.008125 0.034166666666666665
10 0.865 0.47625 0.02875 0.050833333333333335
23 0.8959375 0.47 0.031875 0.045
