3 0.7734375 0.22708333333333333 0.040625 0.0625
15 0.80859375 0.22604166666666667 0.0390625 0.07708333333333334
12 0.1984375 0.24270833333333333 0.046875 0.07708333333333334
36 0.2328125 0.2520833333333333 0.021875 0.05
41 0.25625 0.24166666666666667 0.028125 0.09166666666666666
40 0.275 0.24895833333333334 0.025 0.04791666666666667
13 0.13203125 0.38958333333333334 0.0546875 0.10416666666666667
30 0.18125 0.37916666666666665 0.053125 0.10416666666666667
23 0.23671875 0.378125 0.0546875 0.09375
20 0.29140625 0.3770833333333333 0.0515625 0.09166666666666666
18 0.32734375 0.375 0.0265625 0.09583333333333334
23 0.371875 0.3729166666666667 0.059375 0.10416666666666667
13 0.5484375 0.371875 0.0625 0.09791666666666667
24 0.62109375 0.3729166666666667 0.0703125 0.09166666666666666
23 0.6875 0.36770833333333336 0.0625 0.10208333333333333
30 0.74921875 0.365625 0.0578125 0.09375
29 0.80546875 0.3614583333333333 0.0484375 0.07708333333333334
28 0.8640625 0.365625 0.0625 0.10625
