35 0.1421875 0.31125 0.076875 0.07083333333333333
14 0.2121875 0.3095833333333333 0.065625 0.07416666666666667
28 0.2790625 0.30625 0.065625 0.06916666666666667
29 0.3440625 0.30666666666666664 0.060625 0.06833333333333333
13 0.4565625 0.71625 0.049375 0.06916666666666667
53 0.490625 0.71875 0.01875 0.04583333333333333
44 0.508125 0.71125 0.015 0.060833333333333336
49 0.531875 0.7183333333333334 0.0325 0.04666666666666667
46 0.5653125 0.7129166666666666 0.034375 0.06583333333333333
28 0.6159375 0.7091666666666666 0.041875 0.06666666666666667
43 0.655625 0.7083333333333334 0.03875 0.065
50 0.695 0.7183333333333334 0.03875 0.051666666666666666
51 0.7340625 0.7266666666666667 0.038125 0.06833333333333333
35 0.745625 0.8404166666666667 0.04375 0.060833333333333336
14 0.7853125 0.84125 0.035625 0.06416666666666666
28 0.8209375 0.835 0.034375 0.07333333333333333
29 0.8559375 0.84 0.033125 0.06333333333333334
