2 0.8328125 0.096875 0.0625 0.10208333333333333
15 0.89375 0.09166666666666666 0.059375 0.09583333333333334
29 0.30078125 0.146875 0.0640625 0.08541666666666667
8 0.365625 0.14166666666666666 0.046875 0.09166666666666666
2 0.4125 0.134375 0.04375 0.09375
4 0.4625 0.125 0.0625 0.09166666666666666
9 0.55234375 0.12291666666666666 0.0515625 0.09166666666666666
1 0.590625 0.11145833333333334 0.025 0.08125
7 0.62890625 0.115625 0.0484375 0.08125
1 0.67265625 0.10520833333333333 0.0453125 0.07291666666666667
8 0.23359375 0.5770833333333333 0.0765625 0.075
2 0.2953125 0.5802083333333333 0.05 0.07708333333333334
3 0.34375 0.575 0.05625 0.08333333333333333
3 0.45546875 0.5666666666666667 0.0546875 0.08333333333333333
4 0.51171875 0.5666666666666667 0.0546875 0.09583333333333334
4 0.5640625 0.559375 0.053125 0.08541666666666667
3 0.62890625 0.5552083333333333 0.0859375 0.07708333333333334
2 0.9875 0.7125 0.125 0.11666666666666667
