44 0.6375 0.6458333333333334 0.0125 0.09166666666666666
28 0.3109375 0.6458333333333334 0.034375 0.07083333333333333
56 0.34375 0.646875 0.028125 0.07291666666666667
37 0.3765625 0.6447916666666667 0.034375 0.06875
58 0.42109375 0.640625 0.0484375 0.06875
36 0.4609375 0.6416666666666667 0.028125 0.0625
60 0.490625 0.65625 0.034375 0.09583333333333334
28 0.5328125 0.64375 0.034375 0.06666666666666667
55 0.56171875 0.6416666666666667 0.0203125 0.06666666666666667
36 0.590625 0.6447916666666667 0.03125 0.07708333333333334
55 0.61484375 0.6447916666666667 0.0265625 0.07708333333333334
50 0.65859375 0.6447916666666667 0.0359375 0.07708333333333334
49 0.703125 0.6458333333333334 0.053125 0.07916666666666666
