22 0.29765625 0.25104166666666666 0.0609375 0.11041666666666666
30 0.346875 0.24791666666666667 0.040625 0.12083333333333333
21 0.38359375 0.246875 0.0359375 0.11458333333333333
29 0.41953125 0.24479166666666666 0.0328125 0.11458333333333333
18 0.44609375 0.25416666666666665 0.0171875 0.12916666666666668
29 0.5046875 0.225 0.05625 0.10833333333333334
32 0.565625 0.22291666666666668 0.065625 0.125
24 0.6328125 0.22708333333333333 0.0625 0.1125
25 0.3234375 0.7979166666666667 0.246875 0.30416666666666664
12 0.56953125 0.8020833333333334 0.2421875 0.31666666666666665
