34 0.05546875 0.60625 0.0921875 0.16666666666666666
24 0.1546875 0.6125 0.10625 0.14166666666666666
16 0.26015625 0.6104166666666667 0.1171875 0.14583333333333334
30 0.365625 0.6020833333333333 0.084375 0.14583333333333334
27 0.4546875 0.6072916666666667 0.0875 0.16458333333333333
11 0.54609375 0.6114583333333333 0.0734375 0.16041666666666668
14 0.6234375 0.6104166666666667 0.075 0.17083333333333334
27 0.69921875 0.6135416666666667 0.0859375 0.14375
27 0.7734375 0.615625 0.0625 0.14375
34 0.846875 0.6041666666666666 0.078125 0.14583333333333334
