29 0.1421875 0.7260416666666667 0.034375 0.06458333333333334
40 0.17109375 0.7354166666666667 0.0203125 0.05
47 0.19140625 0.7302083333333333 0.0171875 0.06875
4 0.228125 0.73125 0.025 0.0625
7 0.25546875 0.7322916666666667 0.0265625 0.06458333333333334
2 0.28203125 0.740625 0.0265625 0.06875
0 0.3375 0.7364583333333333 0.03125 0.07291666666666667
4 0.36875 0.7364583333333333 0.028125 0.06875
9 0.39765625 0.734375 0.0296875 0.06458333333333334
2 0.42734375 0.7322916666666667 0.0328125 0.07708333333333334
4 0.16875 0.5125 0.040625 0.06666666666666667
7 0.20703125 0.5135416666666667 0.0359375 0.06458333333333334
1 0.24453125 0.5125 0.0390625 0.058333333333333334
8 0.3203125 0.515625 0.0375 0.06041666666666667
2 0.3578125 0.5177083333333333 0.034375 0.06875
7 0.39296875 0.5177083333333333 0.0390625 0.06458333333333334
5 0.43203125 0.5166666666666667 0.0390625 0.0625
