23 0.2828125 0.69375 0.053125 0.0625
40 0.3296875 0.7041666666666667 0.0375 0.058333333333333334
58 0.37734375 0.703125 0.0578125 0.04791666666666667
28 0.43359375 0.6989583333333333 0.0359375 0.06041666666666667
40 0.47265625 0.7114583333333333 0.0390625 0.04791666666666667
50 0.51171875 0.7104166666666667 0.0421875 0.05416666666666667
56 0.55078125 0.7083333333333334 0.0390625 0.05
47 0.5765625 0.6958333333333333 0.015625 0.07083333333333333
24 0.61953125 0.7072916666666667 0.0578125 0.06458333333333334
51 0.66640625 0.7177083333333333 0.0328125 0.07708333333333334
55 0.6984375 0.7 0.021875 0.0625
44 0.715625 0.69375 0.0125 0.06666666666666667
38 0.73984375 0.7114583333333333 0.0390625 0.052083333333333336
36 0.778125 0.70625 0.034375 0.0625
47 0.80703125 0.7072916666666667 0.0203125 0.06041666666666667
