29 0.2953125 0.6072916666666667 0.046875 0.08958333333333333
14 0.3390625 0.6114583333333333 0.034375 0.09375
21 0.37265625 0.609375 0.0328125 0.08541666666666667
8 0.4265625 0.60625 0.04375 0.08333333333333333
2 0.47265625 0.6041666666666666 0.0453125 0.0875
4 0.51796875 0.603125 0.0515625 0.08125
4 0.6125 0.6052083333333333 0.05625 0.08541666666666667
4 0.66328125 0.6041666666666666 0.0484375 0.0875
2 0.709375 0.6083333333333333 0.040625 0.07916666666666666
2 0.75390625 0.5989583333333334 0.0484375 0.08125
