32 0.153125 0.6260416666666667 0.05625 0.04791666666666667
24 0.20390625 0.6291666666666667 0.0453125 0.05416666666666667
27 0.3015625 0.6229166666666667 0.046875 0.058333333333333334
11 0.37734375 0.6197916666666666 0.0328125 0.06458333333333334
10 0.4203125 0.61875 0.046875 0.06666666666666667
23 0.475 0.61875 0.0375 0.07083333333333333
20 0.521875 0.6197916666666666 0.040625 0.06458333333333334
12 0.596875 0.6260416666666667 0.034375 0.052083333333333336
24 0.63984375 0.6291666666666667 0.0390625 0.058333333333333334
22 0.68671875 0.6322916666666667 0.0453125 0.07291666666666667
24 0.25234375 0.61875 0.0453125 0.05416666666666667
18 0.3375 0.625 0.034375 0.05
