28 0.30234375 0.525 0.0765625 0.16666666666666666
20 0.38203125 0.49375 0.0796875 0.15416666666666667
18 0.453125 0.45 0.059375 0.14583333333333334
23 0.528125 0.415625 0.090625 0.16458333333333333
15 0.50859375 0.5604166666666667 0.0609375 0.10416666666666667
24 0.5703125 0.5614583333333333 0.0625 0.10625
24 0.634375 0.55 0.071875 0.08333333333333333
13 0.70703125 0.5395833333333333 0.0796875 0.12083333333333333
1 0.52421875 0.6822916666666666 0.0328125 0.08958333333333333
5 0.5921875 0.6770833333333334 0.03125 0.0875
7 0.62578125 0.6802083333333333 0.0359375 0.06875
54 0.36171875 0.7135416666666666 0.0265625 0.07291666666666667
44 0.3921875 0.7 0.025 0.07083333333333333
49 0.42265625 0.7010416666666667 0.0265625 0.07291666666666667
38 0.453125 0.7041666666666667 0.028125 0.06666666666666667
40 0.48515625 0.69375 0.0359375 0.058333333333333334
9 0.559375 0.6916666666666667 0.034375 0.08333333333333333
