29 0.3684895833333333 0.5598958333333334 0.041666666666666664 0.07118055555555555
67 0.40234375 0.5824652777777778 0.018229166666666668 0.026041666666666668
8 0.4368489583333333 0.5598958333333334 0.04296875 0.06770833333333333
6 0.4837239583333333 0.5581597222222222 0.04296875 0.06770833333333333
1 0.5247395833333334 0.5590277777777778 0.036458333333333336 0.07291666666666667
69 0.5553385416666666 0.5572916666666666 0.024739583333333332 0.034722222222222224
0 0.591796875 0.5538194444444444 0.045572916666666664 0.06944444444444445
2 0.640625 0.5546875 0.044270833333333336 0.07118055555555555
3 0.6848958333333334 0.5512152777777778 0.044270833333333336 0.06770833333333333
4 0.7356770833333334 0.5529513888888888 0.057291666666666664 0.06770833333333333
