38 0.18375 0.37875 0.04125 0.07583333333333334
36 0.2225 0.39208333333333334 0.03625 0.06916666666666667
41 0.2565625 0.3908333333333333 0.025625 0.085
40 0.2878125 0.41333333333333333 0.033125 0.06666666666666667
63 0.586875 0.6891666666666667 0.02 0.05
38 0.516875 0.6858333333333333 0.01625 0.035
50 0.53125 0.6895833333333333 0.0125 0.029166666666666667
41 0.541875 0.6854166666666667 0.0075 0.0425
41 0.5490625 0.685 0.009375 0.03666666666666667
40 0.5596875 0.6954166666666667 0.010625 0.029166666666666667
40 0.5703125 0.6925 0.010625 0.02666666666666667
37 0.6053125 0.695 0.011875 0.03666666666666667
40 0.6165625 0.6991666666666667 0.008125 0.023333333333333334
40 0.625625 0.6983333333333334 0.01 0.025
53 0.6353125 0.7008333333333333 0.008125 0.02666666666666667
8 0.6465625 0.7020833333333333 0.011875 0.029166666666666667
6 0.6565625 0.7020833333333333 0.009375 0.0325
3 0.663125 0.7041666666666667 0.00875 0.02666666666666667
69 0.67 0.7045833333333333 0.00875 0.015833333333333335
9 0.678125 0.70625 0.0075 0.029166666666666667
1 0.68375 0.7095833333333333 0.0075 0.0275
1 0.6890625 0.7070833333333333 0.008125 0.0275
7 0.6946875 0.7095833333333333 0.010625 0.025833333333333333
69 0.0171875 0.62375 0.019375 0.0275
7 0.03625 0.62625 0.01375 0.04083333333333333
4 0.0521875 0.63125 0.015625 0.035833333333333335
0 0.06875 0.6291666666666667 0.01375 0.043333333333333335
0 0.0865625 0.6329166666666667 0.020625 0.04083333333333333
