29 0.12421875 0.8354166666666667 0.0265625 0.075
14 0.15234375 0.8364583333333333 0.0234375 0.08125
21 0.175 0.8375 0.021875 0.07916666666666666
8 0.209375 0.8354166666666667 0.021875 0.06666666666666667
2 0.23203125 0.8385416666666666 0.0234375 0.07291666666666667
3 0.25859375 0.8354166666666667 0.0234375 0.07083333333333333
6 0.29296875 0.8333333333333334 0.0296875 0.06666666666666667
5 0.32109375 0.8354166666666667 0.0203125 0.07083333333333333
9 0.34453125 0.8364583333333333 0.0265625 0.08125
5 0.38046875 0.8322916666666667 0.0328125 0.07291666666666667
17 0.56328125 0.828125 0.0359375 0.06458333333333334
25 0.5984375 0.8354166666666667 0.021875 0.075
0 0.634375 0.8333333333333334 0.025 0.075
1 0.65703125 0.8333333333333334 0.0171875 0.08333333333333333
6 0.68125 0.828125 0.028125 0.06458333333333334
4 0.7265625 0.8302083333333333 0.025 0.07708333333333334
0 0.75234375 0.825 0.0265625 0.075
7 0.77734375 0.8208333333333333 0.0265625 0.075
7 0.8125 0.8302083333333333 0.03125 0.06875
3 0.83984375 0.8322916666666667 0.0296875 0.08125
6 0.8625 0.8302083333333333 0.021875 0.07708333333333334
5 0.896875 0.8291666666666667 0.040625 0.07083333333333333
