29 0.5046875 0.49916666666666665 0.029375 0.04666666666666667
67 0.526875 0.5120833333333333 0.0125 0.024166666666666666
8 0.54625 0.5025 0.02625 0.043333333333333335
6 0.573125 0.5070833333333333 0.02625 0.04416666666666667
4 0.5996875 0.5129166666666667 0.028125 0.04083333333333333
69 0.6234375 0.515 0.018125 0.023333333333333334
3 0.6440625 0.5145833333333333 0.023125 0.0425
5 0.666875 0.5179166666666667 0.02 0.04083333333333333
8 0.689375 0.5229166666666667 0.025 0.0425
0 0.716875 0.5254166666666666 0.0325 0.0425
