18 0.47109375 0.46458333333333335 0.0640625 0.17083333333333334
23 0.5546875 0.45416666666666666 0.09375 0.15833333333333333
29 0.65859375 0.44583333333333336 0.0796875 0.15
14 0.74765625 0.421875 0.0859375 0.15208333333333332
27 0.846875 0.41770833333333335 0.090625 0.15208333333333332
23 0.55390625 0.3489583333333333 0.0328125 0.06041666666666667
46 0.6984375 0.3229166666666667 0.01875 0.07083333333333333
44 0.71328125 0.32083333333333336 0.0109375 0.0625
42 0.7578125 0.334375 0.028125 0.06041666666666667
10 0.7921875 0.32083333333333336 0.028125 0.07083333333333333
53 0.815625 0.3104166666666667 0.021875 0.05416666666666667
40 0.84140625 0.3104166666666667 0.0203125 0.06666666666666667
36 0.86953125 0.309375 0.0328125 0.04791666666666667
50 0.58359375 0.34479166666666666 0.0234375 0.04791666666666667
28 0.61328125 0.340625 0.0234375 0.06875
48 0.64375 0.33958333333333335 0.034375 0.05
50 0.675 0.33125 0.01875 0.04583333333333333
49 0.73203125 0.3302083333333333 0.0234375 0.04791666666666667
