7 0.87375 0.0246875 0.05416666666666667 0.048125
40 0.38625 0.6096875 0.03916666666666667 0.023125
53 0.38625 0.5878125 0.0425 0.015625
56 0.3883333333333333 0.5678125 0.041666666666666664 0.021875
55 0.39125 0.5478125 0.049166666666666664 0.013125
47 0.39166666666666666 0.535 0.05 0.0125
56 0.39 0.51625 0.041666666666666664 0.025
12 0.39458333333333334 0.490625 0.0475 0.02625
53 0.3804166666666667 0.7740625 0.0475 0.015625
40 0.3804166666666667 0.75375 0.04416666666666667 0.02125
55 0.3829166666666667 0.7334375 0.049166666666666664 0.016875
49 0.38125 0.71125 0.050833333333333335 0.0275
40 0.38125 0.68625 0.04583333333333333 0.0225
12 0.3883333333333333 0.66 0.05 0.03
