11 0.0296875 0.33125 0.028125 0.06666666666666667
14 0.053125 0.32708333333333334 0.028125 0.06666666666666667
14 0.08125 0.321875 0.021875 0.04375
27 0.109375 0.31875 0.028125 0.04583333333333333
25 0.13984375 0.31875 0.0296875 0.05
24 0.16640625 0.3229166666666667 0.0265625 0.0625
25 0.196875 0.31666666666666665 0.03125 0.03333333333333333
8 0.67265625 0.4666666666666667 0.0359375 0.0625
2 0.70546875 0.46875 0.0296875 0.07083333333333333
6 0.7375 0.46041666666666664 0.034375 0.058333333333333334
7 0.78671875 0.4635416666666667 0.0296875 0.07291666666666667
9 0.8171875 0.46041666666666664 0.034375 0.0625
2 0.84921875 0.4625 0.0296875 0.06666666666666667
8 0.884375 0.459375 0.034375 0.06875
2 0.9671875 0.4666666666666667 0.0375 0.075
11 0.13203125 0.7645833333333333 0.2203125 0.3125
14 0.35390625 0.7604166666666666 0.1921875 0.2916666666666667
12 0.55625 0.7520833333333333 0.19375 0.2875
20 0.76171875 0.759375 0.2015625 0.29375
11 0.915625 0.940625 0.078125 0.11041666666666666
1 0.97421875 0.9354166666666667 0.0453125 0.1125
