10 0.81328125 0.5520833333333334 0.0734375 0.06666666666666667
18 0.81328125 0.6104166666666667 0.0703125 0.05
27 0.8140625 0.659375 0.06875 0.07291666666666667
4 0.38828125 0.6666666666666666 0.0359375 0.058333333333333334
8 0.43203125 0.675 0.0234375 0.05
7 0.4703125 0.671875 0.021875 0.04791666666666667
2 0.5125 0.66875 0.021875 0.05416666666666667
7 0.5515625 0.671875 0.021875 0.07291666666666667
7 0.5890625 0.6760416666666667 0.028125 0.05625
2 0.63359375 0.6739583333333333 0.0359375 0.06458333333333334
