23 0.28125 0.18229166666666666 0.09375 0.18125
24 0.3734375 0.190625 0.075 0.16875
12 0.48046875 0.19583333333333333 0.0734375 0.1625
21 0.54375 0.20520833333333333 0.05 0.15625
10 0.60390625 0.20416666666666666 0.0671875 0.1625
28 0.6671875 0.20416666666666666 0.059375 0.15
28 0.7328125 0.2 0.075 0.15416666666666667
12 0.0546875 0.42916666666666664 0.071875 0.15416666666666667
28 0.1203125 0.41770833333333335 0.05625 0.16041666666666668
4 0.209375 0.42604166666666665 0.06875 0.13125
5 0.27265625 0.42916666666666664 0.0671875 0.1625
3 0.33515625 0.41875 0.0640625 0.15416666666666667
58 0.4296875 0.453125 0.08125 0.11875
44 0.48515625 0.44479166666666664 0.0296875 0.16041666666666668
47 0.51796875 0.4354166666666667 0.0296875 0.13333333333333333
47 0.55390625 0.44166666666666665 0.0453125 0.14583333333333334
54 0.6109375 0.45625 0.046875 0.13333333333333333
55 0.65234375 0.4552083333333333 0.0484375 0.12708333333333333
36 0.69921875 0.465625 0.0546875 0.12708333333333333
53 0.74140625 0.459375 0.0421875 0.11875
55 0.7859375 0.4583333333333333 0.04375 0.125
50 0.8640625 0.475 0.075 0.10833333333333334
49 0.9390625 0.471875 0.078125 0.09375
28 0.20078125 0.6760416666666667 0.0765625 0.14375
40 0.26796875 0.703125 0.0640625 0.11041666666666666
51 0.32890625 0.7208333333333333 0.0640625 0.15416666666666667
3 0.42890625 0.6802083333333333 0.0546875 0.15625
53 0.4734375 0.6791666666666667 0.040625 0.1125
39 0.52734375 0.68125 0.0515625 0.14583333333333334
29 0.60703125 0.6875 0.0640625 0.12916666666666668
43 0.67421875 0.6958333333333333 0.0609375 0.14166666666666666
56 0.734375 0.703125 0.05625 0.11041666666666666
