29 0.3975195822454308 0.61 0.02741514360313316 0.052
67 0.4157963446475196 0.634 0.009138381201044387 0.028
8 0.4321148825065274 0.61 0.018276762402088774 0.056
6 0.45300261096605743 0.614 0.020887728459530026 0.056
2 0.47389033942558745 0.616 0.018276762402088774 0.048
69 0.4941253263707572 0.615 0.0195822454308094 0.03
3 0.5130548302872062 0.615 0.018276762402088774 0.054
8 0.5339425587467362 0.616 0.018276762402088774 0.052
4 0.556135770234987 0.618 0.018276762402088774 0.052
2 0.5828981723237598 0.617 0.030026109660574413 0.05
0 0.6351174934725848 0.618 0.030026109660574413 0.052
1 0.6599216710182768 0.619 0.016971279373368148 0.058
9 0.6788511749347258 0.618 0.020887728459530026 0.06
69 0.6997389033942559 0.62 0.018276762402088774 0.024
4 0.7193211488250653 0.623 0.018276762402088774 0.062
9 0.7395561357702349 0.62 0.022193211488250653 0.056
1 0.7591383812010444 0.622 0.016971279373368148 0.048
69 0.7813315926892951 0.627 0.022193211488250653 0.022
2 0.8022193211488251 0.625 0.022193211488250653 0.05
4 0.8244125326370757 0.623 0.022193211488250653 0.054
5 0.8433420365535248 0.625 0.020887728459530026 0.054
2 0.8668407310704961 0.628 0.020887728459530026 0.048
0 0.42689295039164493 0.936 0.018276762402088774 0.048
1 0.44386422976501305 0.936 0.013054830287206266 0.052
9 0.4621409921671018 0.934 0.020887728459530026 0.052
69 0.48172323759791125 0.936 0.020887728459530026 0.028
4 0.5026109660574413 0.934 0.018276762402088774 0.052
9 0.52088772845953 0.936 0.018276762402088774 0.052
1 0.5372062663185379 0.936 0.016971279373368148 0.056
69 0.5567885117493473 0.934 0.022193211488250653 0.028
2 0.5776762402088773 0.936 0.016971279373368148 0.052
4 0.5966057441253264 0.937 0.015665796344647518 0.046
5 0.6142297650130548 0.935 0.014360313315926894 0.054
2 0.6325065274151436 0.941 0.016971279373368148 0.046
71 0.6631853785900783 0.941 0.020887728459530026 0.038
67 0.9412532637075718 0.964 0.007832898172323759 0.024
