29 0.2546875 0.9125 0.04375 0.1125
14 0.290625 0.909375 0.028125 0.11458333333333333
21 0.32265625 0.9041666666666667 0.0328125 0.11666666666666667
8 0.38515625 0.9145833333333333 0.0359375 0.11666666666666667
2 0.42890625 0.915625 0.0390625 0.11458333333333333
5 0.46796875 0.9104166666666667 0.0484375 0.12916666666666668
8 0.540625 0.9177083333333333 0.046875 0.11041666666666666
8 0.58359375 0.915625 0.0328125 0.10625
1 0.61640625 0.9166666666666666 0.0328125 0.09583333333333334
9 0.66171875 0.915625 0.0640625 0.12291666666666666
