12 0.12109375 0.5760416666666667 0.1453125 0.21458333333333332
17 0.26484375 0.578125 0.1453125 0.22291666666666668
27 0.40390625 0.575 0.1359375 0.23333333333333334
18 0.4921875 0.5739583333333333 0.040625 0.21041666666666667
28 0.56875 0.5760416666666667 0.11875 0.21041666666666667
29 0.68203125 0.5708333333333333 0.1109375 0.20416666666666666
18 0.76953125 0.5770833333333333 0.0640625 0.2125
14 0.86328125 0.5739583333333333 0.1203125 0.21458333333333332
10 0.1484375 0.35104166666666664 0.1375 0.22708333333333333
16 0.2875 0.353125 0.14375 0.23125
10 0.43046875 0.353125 0.1546875 0.23541666666666666
29 0.54296875 0.35625 0.1390625 0.22083333333333333
17 0.6875 0.3697916666666667 0.15 0.23125
10 0.83828125 0.3645833333333333 0.1515625 0.22916666666666666
