29 0.37265625 0.44479166666666664 0.0453125 0.07708333333333334
8 0.43515625 0.446875 0.0421875 0.07708333333333334
2 0.47421875 0.45 0.0359375 0.06666666666666667
3 0.509375 0.453125 0.034375 0.07291666666666667
4 0.5859375 0.44895833333333335 0.040625 0.08541666666666667
3 0.62265625 0.44895833333333335 0.0296875 0.08958333333333333
0 0.65859375 0.4510416666666667 0.0296875 0.08958333333333333
0 0.6984375 0.44895833333333335 0.040625 0.07708333333333334
8 0.56015625 0.9270833333333334 0.0390625 0.07916666666666666
2 0.59296875 0.9270833333333334 0.0296875 0.07916666666666666
3 0.621875 0.9322916666666666 0.028125 0.07291666666666667
4 0.671875 0.9270833333333334 0.034375 0.075
3 0.703125 0.9239583333333333 0.025 0.07291666666666667
0 0.72890625 0.9291666666666667 0.0328125 0.07083333333333333
0 0.76328125 0.9208333333333333 0.0390625 0.0625
