39 0.8103125 0.45916666666666667 0.134375 0.16666666666666666
28 0.1740625 0.44916666666666666 0.113125 0.15666666666666668
36 0.2875 0.47208333333333335 0.11375 0.11083333333333334
47 0.3759375 0.46166666666666667 0.074375 0.15666666666666668
50 0.465625 0.47708333333333336 0.1075 0.1025
49 0.589375 0.48333333333333334 0.13875 0.13333333333333333
48 0.21 0.5908333333333333 0.18 0.10333333333333333
56 0.3559375 0.5933333333333334 0.130625 0.10166666666666667
54 0.4640625 0.5929166666666666 0.090625 0.1075
44 0.545625 0.5841666666666666 0.07125 0.12333333333333334
38 0.6303125 0.5979166666666667 0.096875 0.11083333333333334
36 0.741875 0.6004166666666667 0.1225 0.11583333333333333
11 0.4090625 0.69 0.021875 0.03833333333333333
56 0.4275 0.6954166666666667 0.015 0.029166666666666667
47 0.4375 0.6920833333333334 0.00625 0.0375
47 0.4434375 0.6904166666666667 0.004375 0.03916666666666667
39 0.454375 0.6908333333333333 0.01625 0.041666666666666664
50 0.4709375 0.6979166666666666 0.015625 0.030833333333333334
42 0.4871875 0.7016666666666667 0.015625 0.03666666666666667
48 0.5096875 0.6970833333333334 0.028125 0.029166666666666667
36 0.533125 0.6979166666666666 0.01875 0.030833333333333334
49 0.5521875 0.6995833333333333 0.019375 0.0325
54 0.570625 0.7 0.0175 0.03333333333333333
44 0.5840625 0.6970833333333334 0.009375 0.035833333333333335
50 0.5990625 0.7029166666666666 0.019375 0.0275
49 0.6184375 0.7045833333333333 0.019375 0.030833333333333334
2 0.6375 0.6920833333333334 0.01625 0.0275
