28 0.1 0.478125 0.03125 0.05625
10 0.12890625 0.4791666666666667 0.0296875 0.058333333333333334
22 0.16328125 0.478125 0.0390625 0.06458333333333334
28 0.19921875 0.4791666666666667 0.0296875 0.0625
30 0.22734375 0.4822916666666667 0.0234375 0.06041666666666667
23 0.25625 0.4791666666666667 0.034375 0.0625
16 0.2921875 0.4864583333333333 0.03125 0.05625
29 0.4 0.6020833333333333 0.034375 0.058333333333333334
67 0.425 0.6135416666666667 0.009375 0.07291666666666667
8 0.44296875 0.6041666666666666 0.0234375 0.0625
2 0.4671875 0.6 0.025 0.0625
2 0.4953125 0.603125 0.028125 0.06458333333333334
69 0.5171875 0.603125 0.0125 0.06458333333333334
7 0.5359375 0.6 0.028125 0.06666666666666667
9 0.5640625 0.603125 0.028125 0.06458333333333334
9 0.5890625 0.6052083333333333 0.028125 0.06875
0 0.61796875 0.6010416666666667 0.0265625 0.05625
70 0.63671875 0.6177083333333333 0.0078125 0.027083333333333334
8 0.6546875 0.5979166666666667 0.021875 0.07083333333333333
2 0.67890625 0.6041666666666666 0.0265625 0.05
3 0.70625 0.6041666666666666 0.025 0.058333333333333334
69 0.72890625 0.5989583333333334 0.0140625 0.04375
4 0.7484375 0.6041666666666666 0.028125 0.05416666666666667
3 0.77421875 0.6041666666666666 0.0296875 0.05
8 0.80234375 0.6041666666666666 0.0203125 0.04583333333333333
9 0.8265625 0.6 0.025 0.058333333333333334
