47 0.004375 0.4529166666666667 0.0075 0.0425
36 0.0153125 0.4583333333333333 0.013125 0.028333333333333332
55 0.0278125 0.45625 0.009375 0.0375
50 0.0396875 0.45958333333333334 0.014375 0.025833333333333333
63 0.0665625 0.46208333333333335 0.021875 0.0375
12 0.094375 0.4625 0.02 0.03666666666666667
50 0.1121875 0.47 0.013125 0.023333333333333334
41 0.1240625 0.4683333333333333 0.009375 0.03333333333333333
41 0.13375 0.47041666666666665 0.01 0.034166666666666665
40 0.1459375 0.47291666666666665 0.013125 0.025833333333333333
40 0.161875 0.475 0.0175 0.025
12 0.25875 0.37333333333333335 0.06625 0.125
18 0.30875 0.37875 0.035 0.1125
14 0.3553125 0.3858333333333333 0.056875 0.11
21 0.4128125 0.39166666666666666 0.055625 0.115
16 0.470625 0.40208333333333335 0.05875 0.1175
30 0.529375 0.40875 0.05875 0.11083333333333334
28 0.58125 0.4116666666666667 0.045 0.11
29 0.6340625 0.42333333333333334 0.060625 0.11166666666666666
24 0.69625 0.42583333333333334 0.0625 0.09833333333333333
