28 0.169921875 0.4175347222222222 0.055989583333333336 0.0954861111111111
36 0.22200520833333334 0.4305555555555556 0.04296875 0.0625
60 0.2682291666666667 0.4392361111111111 0.046875 0.09027777777777778
29 0.6022135416666666 0.6909722222222222 0.048177083333333336 0.06597222222222222
67 0.6380208333333334 0.7022569444444444 0.018229166666666668 0.036458333333333336
8 0.6653645833333334 0.6875 0.033854166666666664 0.07291666666666667
6 0.7018229166666666 0.6866319444444444 0.0390625 0.06770833333333333
1 0.736328125 0.6866319444444444 0.02734375 0.06770833333333333
69 0.771484375 0.6875 0.040364583333333336 0.041666666666666664
7 0.8118489583333334 0.6883680555555556 0.037760416666666664 0.06770833333333333
4 0.845703125 0.6875 0.03515625 0.06944444444444445
5 0.8815104166666666 0.6892361111111112 0.036458333333333336 0.06944444444444445
3 0.9173177083333334 0.6892361111111112 0.032552083333333336 0.06597222222222222
