25 0.2209375 0.57875 0.043125 0.05416666666666667
43 0.25625 0.5779166666666666 0.02875 0.0525
36 0.2859375 0.5841666666666666 0.029375 0.043333333333333335
53 0.31 0.5808333333333333 0.0175 0.03833333333333333
48 0.340625 0.5825 0.04125 0.045
36 0.3759375 0.5816666666666667 0.029375 0.043333333333333335
38 0.40375 0.5820833333333333 0.02625 0.04583333333333333
60 0.431875 0.5875 0.02875 0.058333333333333334
29 0.58 0.5770833333333333 0.0375 0.050833333333333335
67 0.6059375 0.5920833333333333 0.013125 0.025833333333333333
8 0.6271875 0.57625 0.030625 0.049166666666666664
6 0.658125 0.5779166666666666 0.03125 0.05583333333333333
3 0.69 0.5754166666666667 0.03 0.0525
69 0.719375 0.5758333333333333 0.025 0.023333333333333334
7 0.746875 0.5795833333333333 0.02875 0.059166666666666666
7 0.77625 0.5791666666666667 0.02875 0.06333333333333334
3 0.8075 0.5833333333333334 0.0325 0.058333333333333334
7 0.84125 0.5795833333333333 0.03 0.05583333333333333
