1 0.426875 0.5345833333333333 0.06 0.1275
8 0.5128125 0.5091666666666667 0.080625 0.18333333333333332
6 0.6175 0.4970833333333333 0.09125 0.19083333333333333
5 0.709375 0.5508333333333333 0.06875 0.18833333333333332
54 0.7771875 0.37166666666666665 0.049375 0.05333333333333334
44 0.813125 0.36666666666666664 0.02125 0.065
49 0.8403125 0.37166666666666665 0.031875 0.056666666666666664
38 0.8684375 0.37583333333333335 0.021875 0.043333333333333335
40 0.900625 0.37625 0.04375 0.0475
2 0.846875 0.43625 0.04875 0.04583333333333333
0 0.8834375 0.4320833333333333 0.029375 0.0425
0 0.9128125 0.4345833333333333 0.028125 0.0425
2 0.9484375 0.4375 0.039375 0.05
