1 0.1828125 0.73125 0.04375 0.075
4 0.22578125 0.734375 0.0328125 0.07708333333333334
1 0.28515625 0.73125 0.0296875 0.07083333333333333
8 0.315625 0.734375 0.034375 0.08541666666666667
19 0.41640625 0.7322916666666667 0.0390625 0.08125
14 0.45625 0.73125 0.0375 0.08333333333333333
32 0.50390625 0.7291666666666666 0.0546875 0.08333333333333333
34 0.67265625 0.7239583333333334 0.0453125 0.08125
20 0.36171875 0.7270833333333333 0.0546875 0.0625
14 0.5515625 0.7270833333333333 0.04375 0.06666666666666667
21 0.59140625 0.725 0.0390625 0.06666666666666667
27 0.63046875 0.7270833333333333 0.0359375 0.0625
