12 0.28828125 0.584375 0.0484375 0.07708333333333334
24 0.3625 0.5916666666666667 0.05625 0.0625
15 0.43125 0.5864583333333333 0.046875 0.08125
15 0.50859375 0.5947916666666667 0.0453125 0.06875
14 0.571875 0.5989583333333334 0.04375 0.08125
14 0.6375 0.6072916666666667 0.05 0.08125
13 0.28828125 0.68125 0.0484375 0.07916666666666666
27 0.36640625 0.6854166666666667 0.0546875 0.07083333333333333
18 0.4234375 0.69375 0.034375 0.0625
23 0.49140625 0.7020833333333333 0.0453125 0.09166666666666666
20 0.56015625 0.6979166666666666 0.0546875 0.07916666666666666
28 0.63359375 0.7052083333333333 0.0671875 0.07708333333333334
25 0.2421875 0.784375 0.034375 0.04791666666666667
17 0.29140625 0.7822916666666667 0.0359375 0.052083333333333336
24 0.33359375 0.7854166666666667 0.0359375 0.04583333333333333
23 0.38046875 0.7895833333333333 0.0296875 0.05
14 0.425 0.7927083333333333 0.028125 0.04791666666666667
6 0.46640625 0.79375 0.0265625 0.041666666666666664
3 0.503125 0.8010416666666667 0.025 0.04375
2 0.54375 0.803125 0.021875 0.04375
3 0.57265625 0.8052083333333333 0.0234375 0.052083333333333336
3 0.61015625 0.8041666666666667 0.0234375 0.05
3 0.64453125 0.803125 0.0265625 0.052083333333333336
7 0.6796875 0.8041666666666667 0.025 0.04583333333333333
