29 0.23125 0.8791666666666667 0.065625 0.12916666666666668
8 0.3046875 0.878125 0.05 0.10208333333333333
2 0.35625 0.8802083333333334 0.046875 0.10208333333333333
5 0.4078125 0.8854166666666666 0.05625 0.11666666666666667
3 0.49921875 0.8875 0.0546875 0.11666666666666667
2 0.55546875 0.8875 0.0609375 0.12083333333333333
9 0.6109375 0.8822916666666667 0.05 0.11041666666666666
2 0.665625 0.8791666666666667 0.059375 0.10833333333333334
38 0.06484375 0.7239583333333334 0.0546875 0.08541666666666667
50 0.11953125 0.721875 0.0515625 0.09375
41 0.16875 0.709375 0.0375 0.11875
41 0.215625 0.7041666666666667 0.046875 0.10833333333333334
40 0.26640625 0.7270833333333333 0.0546875 0.08333333333333333
40 0.32265625 0.7208333333333333 0.0546875 0.07916666666666666
43 0.465625 0.7083333333333334 0.059375 0.11666666666666667
40 0.52109375 0.71875 0.0453125 0.07916666666666666
53 0.56796875 0.7177083333333333 0.0484375 0.10625
37 0.61875 0.7114583333333333 0.05625 0.10208333333333333
38 0.7484375 0.7208333333333333 0.053125 0.0875
36 0.80859375 0.7260416666666667 0.0546875 0.10208333333333333
46 0.8625 0.7166666666666667 0.05 0.11666666666666667
40 0.9171875 0.7291666666666666 0.05625 0.08333333333333333
