18 0.1803125 0.22 0.011875 0.05
23 0.198125 0.22833333333333333 0.0225 0.056666666666666664
29 0.220625 0.23583333333333334 0.0225 0.051666666666666666
14 0.2446875 0.24833333333333332 0.025625 0.056666666666666664
27 0.2671875 0.25416666666666665 0.020625 0.05333333333333334
23 0.2890625 0.26458333333333334 0.021875 0.0475
14 0.3109375 0.27125 0.019375 0.050833333333333335
29 0.33125 0.27791666666666665 0.02 0.049166666666666664
67 0.516875 0.35875 0.00375 0.015833333333333335
8 0.5234375 0.34791666666666665 0.014375 0.0375
6 0.5390625 0.3541666666666667 0.013125 0.03833333333333333
4 0.5534375 0.36333333333333334 0.014375 0.041666666666666664
69 0.5671875 0.36625 0.013125 0.0275
2 0.581875 0.3720833333333333 0.015 0.04083333333333333
5 0.5959375 0.37583333333333335 0.011875 0.041666666666666664
9 0.60875 0.38208333333333333 0.01125 0.04416666666666667
1 0.620625 0.38708333333333333 0.01125 0.0375
29 0.47 0.3279166666666667 0.02125 0.04083333333333333
14 0.489375 0.335 0.01625 0.041666666666666664
21 0.5059375 0.33958333333333335 0.015625 0.04416666666666667
25 0.5834375 0.5783333333333334 0.029375 0.06
12 0.614375 0.5841666666666666 0.03 0.06333333333333334
67 0.58875 0.7533333333333333 0.00625 0.018333333333333333
67 0.63375 0.7541666666666667 0.005 0.015
67 0.3615625 0.7375 0.010625 0.03
67 0.4965625 0.7458333333333333 0.008125 0.02
