25 0.075625 0.5329166666666667 0.02375 0.05416666666666667
17 0.13125 0.5308333333333334 0.03125 0.05333333333333334
10 0.193125 0.5320833333333334 0.03 0.050833333333333335
27 0.2553125 0.5279166666666667 0.030625 0.05583333333333333
22 0.3140625 0.52625 0.035625 0.05583333333333333
10 0.3759375 0.5233333333333333 0.034375 0.05333333333333334
12 0.445625 0.5204166666666666 0.035 0.050833333333333335
34 0.504375 0.5175 0.03375 0.04833333333333333
29 0.643125 0.55125 0.02875 0.04416666666666667
67 0.66625 0.5691666666666667 0.0175 0.02666666666666667
8 0.6921875 0.5533333333333333 0.028125 0.04666666666666667
2 0.719375 0.5516666666666666 0.0225 0.04666666666666667
2 0.745625 0.5508333333333333 0.02375 0.051666666666666666
69 0.7765625 0.55 0.030625 0.03166666666666667
8 0.8065625 0.5466666666666666 0.025625 0.058333333333333334
3 0.835625 0.54625 0.02375 0.0525
5 0.861875 0.5445833333333333 0.02875 0.0525
6 0.8959375 0.5491666666666667 0.035625 0.05333333333333334
