12 0.4244791666666667 0.3402777777777778 0.046875 0.08333333333333333
36 0.4622395833333333 0.3472222222222222 0.03125 0.059027777777777776
41 0.490234375 0.3350694444444444 0.01953125 0.06597222222222222
40 0.5221354166666666 0.3463541666666667 0.03125 0.043402777777777776
8 0.4088541666666667 0.8480902777777778 0.0234375 0.046875
6 0.431640625 0.8472222222222222 0.01953125 0.052083333333333336
7 0.4498697916666667 0.8506944444444444 0.014322916666666666 0.04861111111111111
69 0.4635416666666667 0.8506944444444444 0.010416666666666666 0.027777777777777776
3 0.4778645833333333 0.8489583333333334 0.018229166666666668 0.052083333333333336
1 0.4954427083333333 0.8515625 0.016927083333333332 0.036458333333333336
1 0.51171875 0.8472222222222222 0.015625 0.041666666666666664
5 0.53515625 0.8506944444444444 0.020833333333333332 0.04861111111111111
