13 0.3359375 0.3802083333333333 0.03125 0.06041666666666667
36 0.36015625 0.378125 0.0171875 0.06458333333333334
43 0.38359375 0.37604166666666666 0.0265625 0.06875
32 0.4328125 0.36875 0.034375 0.058333333333333334
53 0.4765625 0.371875 0.0125 0.06041666666666667
47 0.48828125 0.37083333333333335 0.0109375 0.075
39 0.50546875 0.36770833333333336 0.0265625 0.06458333333333334
49 0.40703125 0.384375 0.0171875 0.04375
50 0.46015625 0.3770833333333333 0.0171875 0.0375
8 0.85546875 0.575 0.0328125 0.07916666666666666
6 0.88359375 0.5739583333333333 0.0234375 0.06041666666666667
4 0.90546875 0.5739583333333333 0.0203125 0.06458333333333334
3 0.94765625 0.571875 0.0265625 0.06875
0 0.9734375 0.571875 0.025 0.07291666666666667
