50 0.4466145833333333 0.3125 0.049479166666666664 0.05555555555555555
1 0.4811197916666667 0.2942708333333333 0.024739583333333332 0.08506944444444445
60 0.5123697916666666 0.3194444444444444 0.03515625 0.0625
48 0.5677083333333334 0.3125 0.07291666666666667 0.052083333333333336
29 0.318359375 0.6710069444444444 0.048177083333333336 0.05381944444444445
67 0.3528645833333333 0.6840277777777778 0.015625 0.03125
8 0.380859375 0.6727430555555556 0.03515625 0.057291666666666664
6 0.416015625 0.6701388888888888 0.03515625 0.05555555555555555
3 0.4518229166666667 0.6710069444444444 0.033854166666666664 0.057291666666666664
69 0.48046875 0.6753472222222222 0.0234375 0.027777777777777776
7 0.5110677083333334 0.6692708333333334 0.037760416666666664 0.06076388888888889
7 0.546875 0.6684027777777778 0.03125 0.0625
7 0.58203125 0.6684027777777778 0.036458333333333336 0.059027777777777776
7 0.6204427083333334 0.6649305555555556 0.04296875 0.059027777777777776
48 0.2571614583333333 0.3489583333333333 0.045572916666666664 0.034722222222222224
