41 0.2684375 0.6395833333333333 0.028125 0.0675
50 0.2975 0.6475 0.0275 0.045
50 0.3221875 0.6491666666666667 0.024375 0.04666666666666667
39 0.3509375 0.6383333333333333 0.036875 0.07166666666666667
29 0.7371875 0.6466666666666666 0.038125 0.05
40 0.76875 0.6525 0.02625 0.043333333333333335
36 0.7996875 0.6558333333333334 0.035625 0.04666666666666667
63 0.5403125 0.6433333333333333 0.031875 0.06833333333333333
17 0.451875 0.6433333333333333 0.035 0.065
50 0.4815625 0.6483333333333333 0.025625 0.041666666666666664
41 0.5078125 0.6395833333333333 0.024375 0.07416666666666667
54 0.5671875 0.64625 0.023125 0.0525
50 0.591875 0.6491666666666667 0.025 0.03833333333333333
45 0.6140625 0.645 0.021875 0.07166666666666667
56 0.6396875 0.6458333333333334 0.028125 0.04833333333333333
