34 0.020625 0.53125 0.04 0.0775
29 0.27625 0.5904166666666667 0.0425 0.07583333333333334
67 0.3096875 0.6195833333333334 0.024375 0.04083333333333333
8 0.3534375 0.5925 0.039375 0.07833333333333334
2 0.403125 0.59375 0.04125 0.0825
2 0.445 0.5933333333333334 0.04125 0.08
69 0.4915625 0.5958333333333333 0.045625 0.03833333333333333
8 0.5390625 0.5879166666666666 0.043125 0.0775
3 0.5825 0.59 0.0425 0.07666666666666666
5 0.626875 0.5895833333333333 0.04375 0.08083333333333333
6 0.6753125 0.58875 0.051875 0.08083333333333333
