55 0.484375 0.7822916666666667 0.04375 0.06875
8 0.53671875 0.78125 0.0296875 0.075
2 0.56875 0.7854166666666667 0.034375 0.06666666666666667
5 0.60546875 0.7822916666666667 0.0359375 0.06458333333333334
69 0.6390625 0.7802083333333333 0.03125 0.06875
6 0.67265625 0.7822916666666667 0.0390625 0.07708333333333334
7 0.70859375 0.7864583333333334 0.0265625 0.06875
8 0.73828125 0.7822916666666667 0.0328125 0.06041666666666667
9 0.77421875 0.784375 0.0390625 0.06875
15 0.921875 0.7885416666666667 0.03125 0.06041666666666667
2 0.9578125 0.7854166666666667 0.040625 0.075
