28 0.2078125 0.3770833333333333 0.178125 0.20833333333333334
29 0.3890625 0.38125 0.14375 0.18333333333333332
12 0.53828125 0.3770833333333333 0.1390625 0.17916666666666667
24 0.73046875 0.375 0.1859375 0.20416666666666666
28 0.14765625 0.534375 0.0484375 0.07291666666666667
17 0.18828125 0.5364583333333334 0.0328125 0.08541666666666667
18 0.2109375 0.5354166666666667 0.015625 0.08333333333333333
27 0.234375 0.5354166666666667 0.028125 0.075
29 0.2625 0.5302083333333333 0.021875 0.06458333333333334
28 0.2890625 0.5354166666666667 0.034375 0.06666666666666667
29 0.36796875 0.5291666666666667 0.0421875 0.058333333333333334
18 0.39453125 0.5354166666666667 0.0140625 0.06666666666666667
14 0.4203125 0.5260416666666666 0.0375 0.06875
12 0.45859375 0.5270833333333333 0.0359375 0.06666666666666667
24 0.49609375 0.525 0.0359375 0.0625
24 0.53046875 0.528125 0.0328125 0.07291666666666667
27 0.565625 0.528125 0.03125 0.06875
13 0.59765625 0.5260416666666666 0.0296875 0.07291666666666667
18 0.61953125 0.5270833333333333 0.0171875 0.0625
23 0.64609375 0.5260416666666666 0.0328125 0.06458333333333334
10 0.678125 0.5208333333333334 0.03125 0.07083333333333333
29 0.70390625 0.525 0.0265625 0.0625
18 0.72421875 0.528125 0.0140625 0.06875
24 0.7484375 0.5229166666666667 0.0375 0.0625
23 0.7921875 0.5229166666666667 0.053125 0.08333333333333333
