29 0.3640625 0.496875 0.19375 0.23958333333333334
32 0.4953125 0.5114583333333333 0.065625 0.09375
50 0.5515625 0.5291666666666667 0.04375 0.075
53 0.58515625 0.5166666666666667 0.0265625 0.07083333333333333
47 0.609375 0.5125 0.015625 0.09583333333333334
39 0.64375 0.5145833333333333 0.059375 0.1
28 0.7890625 0.5416666666666666 0.034375 0.0625
20 0.81953125 0.546875 0.0265625 0.05625
55 0.84765625 0.5489583333333333 0.0234375 0.03958333333333333
40 0.86484375 0.5541666666666667 0.0140625 0.03333333333333333
47 0.8765625 0.5489583333333333 0.009375 0.04791666666666667
40 0.8890625 0.5520833333333334 0.015625 0.0375
38 0.90703125 0.55 0.0140625 0.05
50 0.921875 0.5552083333333333 0.015625 0.052083333333333336
48 0.9484375 0.5572916666666666 0.0375 0.03958333333333333
5 0.80546875 0.7708333333333334 0.0359375 0.07916666666666666
0 0.83671875 0.7760416666666666 0.0296875 0.07291666666666667
65 0.87265625 0.7708333333333334 0.0421875 0.0875
