29 0.3053125 0.33916666666666667 0.066875 0.08666666666666667
14 0.3515625 0.35083333333333333 0.050625 0.065
27 0.3959375 0.3466666666666667 0.055625 0.06833333333333333
27 0.448125 0.34791666666666665 0.0575 0.06916666666666667
10 0.5 0.34791666666666665 0.0575 0.0675
12 0.5540625 0.3466666666666667 0.051875 0.06833333333333333
10 0.603125 0.345 0.06375 0.06333333333333334
23 0.65875 0.34375 0.06375 0.07083333333333333
13 0.31625 0.5791666666666667 0.015 0.023333333333333334
27 0.3303125 0.57875 0.011875 0.025833333333333333
18 0.3390625 0.5779166666666666 0.005625 0.025833333333333333
23 0.3478125 0.5795833333333333 0.011875 0.025833333333333333
20 0.36125 0.5791666666666667 0.015 0.025
11 0.318125 0.5483333333333333 0.01625 0.02666666666666667
14 0.333125 0.5475 0.01125 0.023333333333333334
14 0.344375 0.5483333333333333 0.01125 0.025
27 0.35625 0.5479166666666667 0.0125 0.024166666666666666
12 0.3209375 0.5195833333333333 0.015625 0.024166666666666666
24 0.335625 0.5195833333333333 0.01375 0.024166666666666666
15 0.3478125 0.5195833333333333 0.010625 0.024166666666666666
15 0.35875 0.5183333333333333 0.01 0.02
14 0.3696875 0.52 0.010625 0.021666666666666667
14 0.3815625 0.5195833333333333 0.013125 0.020833333333333332
11 0.1571875 0.8529166666666667 0.058125 0.0675
10 0.14875 0.9475 0.05625 0.07333333333333333
29 0.1421875 0.7904166666666667 0.018125 0.04083333333333333
17 0.16375 0.7904166666666667 0.02625 0.0425
14 0.186875 0.79 0.02125 0.05
29 0.8453125 0.795 0.029375 0.05
17 0.874375 0.795 0.03 0.055
11 0.8790625 0.8645833333333334 0.068125 0.08583333333333333
10 0.886875 0.95375 0.0725 0.06916666666666667
26 0.8559375 0.41125 0.071875 0.17416666666666666
