29 0.3040364583333333 0.6623263888888888 0.053385416666666664 0.07118055555555555
67 0.3391927083333333 0.6840277777777778 0.014322916666666666 0.027777777777777776
8 0.3743489583333333 0.6657986111111112 0.048177083333333336 0.06770833333333333
6 0.421875 0.6684027777777778 0.044270833333333336 0.0625
1 0.4622395833333333 0.6701388888888888 0.03125 0.06944444444444445
69 0.50390625 0.6744791666666666 0.049479166666666664 0.03298611111111111
0 0.5540364583333334 0.6684027777777778 0.048177083333333336 0.0763888888888889
2 0.603515625 0.6744791666666666 0.045572916666666664 0.06770833333333333
1 0.6458333333333334 0.6692708333333334 0.03125 0.07465277777777778
2 0.6875 0.6744791666666666 0.049479166666666664 0.06770833333333333
