28 0.3490625 0.5945833333333334 0.031875 0.04583333333333333
24 0.380625 0.59625 0.03125 0.04416666666666667
24 0.411875 0.59625 0.02875 0.0375
23 0.4409375 0.5979166666666667 0.029375 0.04416666666666667
28 0.4696875 0.6004166666666667 0.028125 0.0425
10 0.4971875 0.6008333333333333 0.026875 0.045
21 0.5246875 0.6033333333333334 0.026875 0.041666666666666664
12 0.5684375 0.60375 0.029375 0.04083333333333333
17 0.5971875 0.6045833333333334 0.030625 0.0425
18 0.619375 0.60875 0.015 0.035833333333333335
12 0.6396875 0.60875 0.023125 0.04083333333333333
20 0.6640625 0.60875 0.025625 0.04583333333333333
14 0.6890625 0.6120833333333333 0.024375 0.04416666666666667
23 0.7146875 0.61375 0.028125 0.04083333333333333
29 0.533125 0.6404166666666666 0.0225 0.0325
14 0.554375 0.6425 0.01875 0.03666666666666667
21 0.5728125 0.6433333333333333 0.018125 0.03666666666666667
8 0.603125 0.6441666666666667 0.01875 0.03833333333333333
6 0.62125 0.6454166666666666 0.01625 0.0325
1 0.636875 0.6470833333333333 0.01125 0.030833333333333334
69 0.648125 0.6520833333333333 0.01 0.019166666666666665
9 0.6615625 0.6504166666666666 0.015625 0.035833333333333335
2 0.67875 0.6479166666666667 0.01875 0.030833333333333334
8 0.698125 0.6504166666666666 0.01875 0.030833333333333334
8 0.7178125 0.6516666666666666 0.021875 0.035
