22 0.18125 0.43125 0.11875 0.12083333333333333
14 0.27109375 0.440625 0.0609375 0.10625
29 0.3265625 0.43645833333333334 0.04375 0.11041666666666666
27 0.38359375 0.44166666666666665 0.0671875 0.11666666666666667
24 0.46796875 0.4395833333333333 0.0859375 0.10833333333333334
15 0.56484375 0.44479166666666664 0.0515625 0.11041666666666666
18 0.609375 0.4479166666666667 0.034375 0.10833333333333334
29 0.65234375 0.44895833333333335 0.0484375 0.11458333333333333
23 0.71953125 0.45416666666666666 0.0703125 0.09166666666666666
14 0.784375 0.46041666666666664 0.05625 0.09583333333333334
28 0.8359375 0.45729166666666665 0.05625 0.09791666666666667
28 0.8984375 0.453125 0.075 0.10625
0 0.1203125 0.528125 0.046875 0.08541666666666667
4 0.1625 0.534375 0.040625 0.09791666666666667
2 0.20234375 0.5333333333333333 0.0390625 0.09166666666666666
4 0.26328125 0.5385416666666667 0.0421875 0.08541666666666667
8 0.3015625 0.5447916666666667 0.034375 0.10208333333333333
9 0.33828125 0.5416666666666666 0.0390625 0.08333333333333333
7 0.39765625 0.5395833333333333 0.0421875 0.07916666666666666
6 0.43828125 0.54375 0.0390625 0.09583333333333334
5 0.475 0.5479166666666667 0.034375 0.07916666666666666
5 0.51328125 0.5447916666666667 0.0421875 0.07708333333333334
