4 0.07578125 0.3927083333333333 0.0453125 0.06875
8 0.11484375 0.4010416666666667 0.0328125 0.06458333333333334
5 0.146875 0.4083333333333333 0.03125 0.058333333333333334
6 0.19609375 0.40208333333333335 0.0390625 0.075
6 0.23125 0.403125 0.034375 0.07708333333333334
2 0.26171875 0.403125 0.0296875 0.08125
2 0.29453125 0.40208333333333335 0.0421875 0.06666666666666667
29 0.60234375 0.4239583333333333 0.0453125 0.06875
4 0.65703125 0.41875 0.0359375 0.041666666666666664
8 0.6921875 0.4197916666666667 0.025 0.04791666666666667
5 0.72265625 0.41354166666666664 0.0296875 0.06041666666666667
3 0.78359375 0.41770833333333335 0.0328125 0.04375
6 0.81796875 0.41875 0.0328125 0.04583333333333333
6 0.8484375 0.415625 0.028125 0.05625
2 0.8796875 0.41041666666666665 0.03125 0.0625
