2 0.0953125 0.253125 0.078125 0.19791666666666666
4 0.16484375 0.24895833333333334 0.0609375 0.19791666666666666
5 0.22890625 0.25104166666666666 0.0703125 0.22708333333333333
0 0.29609375 0.25416666666666665 0.0640625 0.2
2 0.0359375 0.6447916666666667 0.0625 0.15625
4 0.0890625 0.6416666666666667 0.05 0.12916666666666668
5 0.14765625 0.6520833333333333 0.0546875 0.13333333333333333
0 0.203125 0.6510416666666666 0.065625 0.13541666666666666
28 0.29375 0.6552083333333333 0.0625 0.15208333333333332
40 0.3546875 0.6635416666666667 0.05625 0.12291666666666666
48 0.425 0.6604166666666667 0.084375 0.10416666666666667
44 0.4796875 0.665625 0.034375 0.11458333333333333
49 0.52734375 0.6729166666666667 0.0578125 0.08333333333333333
36 0.58046875 0.675 0.0578125 0.0875
53 0.628125 0.671875 0.04375 0.11041666666666666
27 0.703125 0.6479166666666667 0.065625 0.12916666666666668
50 0.76640625 0.671875 0.0640625 0.08125
50 0.82578125 0.6739583333333333 0.0578125 0.08958333333333333
48 0.896875 0.678125 0.09375 0.10625
