39 0.46953125 0.6 0.0359375 0.08333333333333333
44 0.52421875 0.60625 0.0140625 0.07916666666666666
50 0.79765625 0.59375 0.0296875 0.05416666666666667
43 0.33828125 0.6083333333333333 0.0328125 0.075
54 0.70078125 0.6010416666666667 0.0265625 0.06041666666666667
54 0.72890625 0.6010416666666667 0.0296875 0.052083333333333336
38 0.76796875 0.6 0.0296875 0.0625
48 0.8421875 0.5927083333333333 0.059375 0.04791666666666667
58 0.16953125 0.6145833333333334 0.0546875 0.05
58 0.22734375 0.6166666666666667 0.0546875 0.05416666666666667
58 0.28125 0.6166666666666667 0.053125 0.04583333333333333
67 0.3140625 0.6260416666666667 0.0125 0.022916666666666665
60 0.37265625 0.6197916666666666 0.0328125 0.07291666666666667
56 0.40625 0.609375 0.028125 0.04791666666666667
49 0.4375 0.6145833333333334 0.03125 0.05
36 0.50234375 0.6125 0.0265625 0.05416666666666667
40 0.5484375 0.6083333333333333 0.03125 0.05416666666666667
59 0.58046875 0.6104166666666667 0.0328125 0.05416666666666667
51 0.61328125 0.6166666666666667 0.0296875 0.07916666666666666
53 0.64140625 0.609375 0.0234375 0.06041666666666667
40 0.67109375 0.6041666666666666 0.0296875 0.05416666666666667
67 0.7484375 0.609375 0.009375 0.035416666666666666
