29 0.245 0.51625 0.0225 0.0475
67 0.259375 0.52875 0.005 0.019166666666666665
8 0.2703125 0.5175 0.015625 0.04
6 0.28625 0.5191666666666667 0.01625 0.04666666666666667
2 0.3028125 0.51625 0.016875 0.04083333333333333
69 0.3159375 0.5183333333333333 0.008125 0.015
1 0.3425 0.51375 0.01 0.03916666666666667
0 0.3565625 0.5129166666666667 0.015625 0.03916666666666667
4 0.3734375 0.51375 0.016875 0.0425
17 0.4090625 0.5108333333333334 0.016875 0.041666666666666664
67 0.42 0.5204166666666666 0.00375 0.0175
0 0.42875 0.5108333333333334 0.0125 0.04
1 0.43875 0.51 0.0075 0.03666666666666667
7 0.4496875 0.5083333333333333 0.011875 0.03666666666666667
69 0.4578125 0.5120833333333333 0.005625 0.0125
4 0.468125 0.5066666666666667 0.0125 0.045
0 0.4815625 0.50625 0.013125 0.04083333333333333
4 0.494375 0.5070833333333333 0.01125 0.0425
69 0.503125 0.5095833333333334 0.00875 0.0175
3 0.514375 0.5058333333333334 0.0125 0.04833333333333333
1 0.524375 0.5045833333333334 0.00875 0.0475
0 0.535625 0.5041666666666667 0.01125 0.041666666666666664
4 0.5490625 0.5045833333333334 0.015625 0.04583333333333333
9 0.1159375 0.8554166666666667 0.020625 0.029166666666666667
