22 0.578125 0.3885416666666667 0.04375 0.04791666666666667
25 0.42421875 0.4354166666666667 0.0296875 0.041666666666666664
21 0.45 0.4354166666666667 0.021875 0.03333333333333333
10 0.47421875 0.4375 0.0265625 0.04583333333333333
35 0.49921875 0.43645833333333334 0.0234375 0.052083333333333336
10 0.52578125 0.43333333333333335 0.0296875 0.04583333333333333
22 0.37734375 0.38645833333333335 0.0328125 0.04791666666666667
18 0.4015625 0.3854166666666667 0.0125 0.058333333333333334
21 0.415625 0.38333333333333336 0.015625 0.041666666666666664
21 0.43203125 0.3854166666666667 0.0234375 0.04583333333333333
14 0.45390625 0.3885416666666667 0.0203125 0.03958333333333333
23 0.47734375 0.3854166666666667 0.0296875 0.03333333333333333
23 0.50703125 0.38958333333333334 0.0296875 0.0375
18 0.52890625 0.38958333333333334 0.0140625 0.0375
30 0.54765625 0.3875 0.0234375 0.04583333333333333
1 0.41953125 0.565625 0.0234375 0.06458333333333334
