1 0.40390625 0.4083333333333333 0.0109375 0.05
3 0.4171875 0.41041666666666665 0.015625 0.04583333333333333
29 0.515625 0.4114583333333333 0.025 0.04791666666666667
8 0.565625 0.415625 0.01875 0.04375
3 0.5859375 0.4125 0.01875 0.041666666666666664
7 0.621875 0.4125 0.01875 0.05
3 0.63828125 0.41770833333333335 0.0203125 0.052083333333333336
5 0.6578125 0.415625 0.01875 0.03958333333333333
4 0.678125 0.41875 0.021875 0.04583333333333333
4 0.54765625 0.4114583333333333 0.0171875 0.035416666666666666
