58 0.13984375 0.6333333333333333 0.0671875 0.06666666666666667
58 0.203125 0.6322916666666667 0.059375 0.06875
58 0.2578125 0.6395833333333333 0.053125 0.07083333333333333
54 0.309375 0.6479166666666667 0.025 0.075
50 0.3375 0.6520833333333333 0.03125 0.0625
47 0.36015625 0.6541666666666667 0.0140625 0.07083333333333333
38 0.37890625 0.6541666666666667 0.0265625 0.05
50 0.4078125 0.653125 0.03125 0.052083333333333336
38 0.44453125 0.659375 0.0265625 0.052083333333333336
50 0.475 0.659375 0.03125 0.05625
46 0.515625 0.6625 0.028125 0.058333333333333334
53 0.54296875 0.665625 0.0234375 0.06458333333333334
4 0.63359375 0.6677083333333333 0.0390625 0.06041666666666667
8 0.6765625 0.6697916666666667 0.040625 0.07708333333333334
8 0.71796875 0.671875 0.0390625 0.07291666666666667
2 0.8 0.684375 0.05 0.06458333333333334
5 0.846875 0.6833333333333333 0.040625 0.058333333333333334
5 0.88984375 0.684375 0.0421875 0.06458333333333334
0 0.93671875 0.6885416666666667 0.0421875 0.06458333333333334
