21 0.3313802083333333 0.3480902777777778 0.03515625 0.06076388888888889
63 0.3697916666666667 0.3541666666666667 0.036458333333333336 0.05555555555555555
12 0.4069010416666667 0.3532986111111111 0.03515625 0.05381944444444445
8 0.2682291666666667 0.6111111111111112 0.0234375 0.041666666666666664
6 0.2890625 0.6102430555555556 0.018229166666666668 0.043402777777777776
2 0.30859375 0.6128472222222222 0.015625 0.03819444444444445
69 0.322265625 0.6119791666666666 0.009114583333333334 0.015625
7 0.337890625 0.6137152777777778 0.016927083333333332 0.043402777777777776
4 0.3567708333333333 0.6154513888888888 0.020833333333333332 0.036458333333333336
3 0.3763020833333333 0.6137152777777778 0.015625 0.03993055555555555
4 0.3951822916666667 0.6145833333333334 0.01953125 0.03819444444444445
0 0.4270833333333333 0.6128472222222222 0.0234375 0.04513888888888889
1 0.4466145833333333 0.6137152777777778 0.015625 0.043402777777777776
1 0.4635416666666667 0.6154513888888888 0.018229166666666668 0.03993055555555555
69 0.48046875 0.6145833333333334 0.013020833333333334 0.024305555555555556
4 0.4954427083333333 0.6145833333333334 0.016927083333333332 0.041666666666666664
0 0.5130208333333334 0.6137152777777778 0.015625 0.043402777777777776
7 0.5305989583333334 0.6119791666666666 0.01953125 0.043402777777777776
69 0.5442708333333334 0.6145833333333334 0.010416666666666666 0.027777777777777776
2 0.5592447916666666 0.6163194444444444 0.016927083333333332 0.041666666666666664
5 0.5774739583333334 0.6145833333333334 0.016927083333333332 0.034722222222222224
0 0.591796875 0.6145833333333334 0.014322916666666666 0.034722222222222224
1 0.6087239583333334 0.6137152777777778 0.016927083333333332 0.03298611111111111
