29 0.3965625 0.6133333333333333 0.026875 0.03333333333333333
8 0.425 0.6104166666666667 0.02375 0.03916666666666667
6 0.4515625 0.6108333333333333 0.024375 0.03833333333333333
2 0.4746875 0.6070833333333333 0.025625 0.035833333333333335
69 0.4965625 0.6066666666666667 0.014375 0.021666666666666667
9 0.51625 0.6058333333333333 0.02125 0.03833333333333333
2 0.53875 0.605 0.025 0.041666666666666664
2 0.5646875 0.6066666666666667 0.023125 0.03666666666666667
0 0.595625 0.6141666666666666 0.035 0.05
67 0.4096875 0.62125 0.010625 0.015833333333333335
