10 0.365625 0.384375 0.059375 0.09375
47 0.4046875 0.38333333333333336 0.025 0.10416666666666667
40 0.4296875 0.4010416666666667 0.025 0.06458333333333334
59 0.45546875 0.4010416666666667 0.0265625 0.06041666666666667
36 0.48515625 0.40208333333333335 0.0328125 0.05
49 0.51953125 0.39895833333333336 0.0359375 0.05625
39 0.5546875 0.38229166666666664 0.0375 0.11458333333333333
53 0.58515625 0.396875 0.0234375 0.06458333333333334
44 0.60390625 0.38645833333333335 0.0203125 0.10208333333333333
40 0.62890625 0.3927083333333333 0.0296875 0.06458333333333334
