11 0.4195833333333333 0.66 0.0525 0.10625
10 0.4845833333333333 0.661875 0.07083333333333333 0.1025
27 0.5604166666666667 0.6603125 0.07416666666666667 0.106875
11 0.54 0.2275 0.028333333333333332 0.02
40 0.5654166666666667 0.229375 0.0175 0.015
40 0.5845833333333333 0.2296875 0.015833333333333335 0.016875
53 0.6045833333333334 0.22875 0.020833333333333332 0.02
63 0.5545833333333333 0.208125 0.030833333333333334 0.02
32 0.44875 0.1890625 0.034166666666666665 0.021875
43 0.4775 0.1871875 0.023333333333333334 0.024375
44 0.4970833333333333 0.185625 0.014166666666666666 0.02
54 0.5125 0.186875 0.015 0.02
46 0.5320833333333334 0.1828125 0.024166666666666666 0.024375
60 0.55625 0.1853125 0.0225 0.021875
