23 0.3873697916666667 0.04079861111111111 0.07421875 0.078125
40 0.4388020833333333 0.050347222222222224 0.028645833333333332 0.04861111111111111
40 0.470703125 0.051215277777777776 0.032552083333333336 0.06076388888888889
39 0.5052083333333334 0.043402777777777776 0.03125 0.06944444444444445
54 0.53125 0.044270833333333336 0.018229166666666668 0.06770833333333333
43 0.5703125 0.041666666666666664 0.033854166666666664 0.0763888888888889
36 0.6028645833333334 0.04774305555555555 0.036458333333333336 0.07118055555555555
44 0.6263020833333334 0.04079861111111111 0.013020833333333334 0.0642361111111111
53 0.6412760416666666 0.05295138888888889 0.016927083333333332 0.06076388888888889
23 0.763671875 0.041666666666666664 0.06901041666666667 0.08333333333333333
40 0.8131510416666666 0.05295138888888889 0.029947916666666668 0.05381944444444445
40 0.8463541666666666 0.0546875 0.033854166666666664 0.05381944444444445
39 0.880859375 0.05381944444444445 0.03515625 0.0763888888888889
54 0.9140625 0.05381944444444445 0.028645833333333332 0.059027777777777776
36 0.9830729166666666 0.051215277777777776 0.028645833333333332 0.0642361111111111
43 0.9485677083333334 0.04600694444444445 0.032552083333333336 0.06770833333333333
16 0.2545572916666667 0.4088541666666667 0.055989583333333336 0.13368055555555555
27 0.30859375 0.4071180555555556 0.0546875 0.13368055555555555
14 0.361328125 0.4019097222222222 0.05078125 0.1267361111111111
14 0.4095052083333333 0.4001736111111111 0.045572916666666664 0.11979166666666667
23 0.4694010416666667 0.4088541666666667 0.07682291666666667 0.13020833333333334
19 0.5436197916666666 0.4088541666666667 0.045572916666666664 0.11631944444444445
14 0.591796875 0.4079861111111111 0.045572916666666664 0.11458333333333333
32 0.6490885416666666 0.4097222222222222 0.06640625 0.11805555555555555
14 0.70703125 0.4088541666666667 0.049479166666666664 0.109375
21 0.7565104166666666 0.4114583333333333 0.044270833333333336 0.11805555555555555
27 0.8014322916666666 0.4105902777777778 0.048177083333333336 0.109375
34 0.8522135416666666 0.4140625 0.053385416666666664 0.11979166666666667
32 0.650390625 0.5347222222222222 0.07421875 0.09722222222222222
10 0.7109375 0.5355902777777778 0.046875 0.0954861111111111
29 0.755859375 0.5329861111111112 0.037760416666666664 0.09027777777777778
12 0.8020833333333334 0.5373263888888888 0.046875 0.09895833333333333
17 0.8528645833333334 0.5407986111111112 0.0546875 0.09895833333333333
13 0.9908854166666666 0.3246527777777778 0.0234375 0.05555555555555555
1 0.20247395833333334 0.8411458333333334 0.029947916666666668 0.08506944444444445
8 0.23372395833333334 0.8402777777777778 0.032552083333333336 0.09375
20 0.2669270833333333 0.8385416666666666 0.0390625 0.1076388888888889
1 0.3216145833333333 0.8411458333333334 0.0234375 0.0920138888888889
4 0.357421875 0.8394097222222222 0.032552083333333336 0.08854166666666667
20 0.392578125 0.8463541666666666 0.032552083333333336 0.08506944444444445
69 0.3665364583333333 0.6362847222222222 0.016927083333333332 0.046875
