20 0.302734375 0.12760416666666666 0.02734375 0.03993055555555555
34 0.3255208333333333 0.1267361111111111 0.020833333333333332 0.041666666666666664
24 0.3489583333333333 0.1284722222222222 0.0234375 0.03819444444444445
11 0.3717447916666667 0.1267361111111111 0.01953125 0.034722222222222224
24 0.3932291666666667 0.12586805555555555 0.0234375 0.043402777777777776
20 0.568359375 0.11631944444444445 0.022135416666666668 0.03819444444444445
34 0.58984375 0.11458333333333333 0.020833333333333332 0.041666666666666664
24 0.61328125 0.11371527777777778 0.0234375 0.046875
11 0.63671875 0.11024305555555555 0.020833333333333332 0.043402777777777776
24 0.662109375 0.11631944444444445 0.029947916666666668 0.05555555555555555
31 0.3821614583333333 0.4444444444444444 0.061197916666666664 0.09027777777777778
14 0.4361979166666667 0.4444444444444444 0.046875 0.09375
23 0.48828125 0.4418402777777778 0.0546875 0.08854166666666667
30 0.5423177083333334 0.4409722222222222 0.053385416666666664 0.08680555555555555
28 0.5924479166666666 0.4409722222222222 0.041666666666666664 0.09027777777777778
28 0.8138020833333334 0.7664930555555556 0.026041666666666668 0.08506944444444445
10 0.8424479166666666 0.765625 0.028645833333333332 0.08333333333333333
21 0.8717447916666666 0.7630208333333334 0.02734375 0.08159722222222222
14 0.90234375 0.7638888888888888 0.03125 0.0763888888888889
32 0.6796875 0.5329861111111112 0.026041666666666668 0.034722222222222224
32 0.7037760416666666 0.5321180555555556 0.022135416666666668 0.03993055555555555
32 0.7252604166666666 0.5338541666666666 0.020833333333333332 0.046875
67 0.7389322916666666 0.5269097222222222 0.00390625 0.046875
31 0.748046875 0.5277777777777778 0.01171875 0.034722222222222224
14 0.76171875 0.53125 0.013020833333333334 0.04513888888888889
23 0.775390625 0.5303819444444444 0.014322916666666666 0.036458333333333336
30 0.7884114583333334 0.5303819444444444 0.014322916666666666 0.03993055555555555
28 0.8020833333333334 0.5286458333333334 0.013020833333333334 0.03993055555555555
67 0.8131510416666666 0.5269097222222222 0.006510416666666667 0.036458333333333336
12 0.8229166666666666 0.5286458333333334 0.013020833333333334 0.03993055555555555
24 0.8359375 0.5260416666666666 0.013020833333333334 0.041666666666666664
67 0.8470052083333334 0.5251736111111112 0.006510416666666667 0.046875
20 0.8580729166666666 0.5269097222222222 0.013020833333333334 0.03993055555555555
27 0.8723958333333334 0.5286458333333334 0.013020833333333334 0.03298611111111111
31 0.12760416666666666 0.5234375 0.018229166666666668 0.029513888888888888
14 0.14388020833333334 0.5208333333333334 0.009114583333333334 0.024305555555555556
23 0.15559895833333334 0.5225694444444444 0.014322916666666666 0.034722222222222224
30 0.16861979166666666 0.5234375 0.01171875 0.026041666666666668
28 0.18489583333333334 0.5208333333333334 0.018229166666666668 0.03125
5 0.6028645833333334 0.7647569444444444 0.03125 0.07465277777777778
0 0.634765625 0.7630208333333334 0.029947916666666668 0.07118055555555555
1 0.7174479166666666 0.7647569444444444 0.020833333333333332 0.07465277777777778
0 0.7486979166666666 0.7612847222222222 0.026041666666666668 0.08159722222222222
65 0.6608072916666666 0.7708333333333334 0.014322916666666666 0.059027777777777776
65 0.77734375 0.7717013888888888 0.0234375 0.06770833333333333
