17 0.3528645833333333 0.4149305555555556 0.06770833333333333 0.1388888888888889
10 0.4173177083333333 0.4262152777777778 0.05859375 0.13020833333333334
23 0.4739583333333333 0.4184027777777778 0.057291666666666664 0.11458333333333333
10 0.5299479166666666 0.4157986111111111 0.057291666666666664 0.109375
29 0.5826822916666666 0.4175347222222222 0.04296875 0.109375
24 0.634765625 0.4131944444444444 0.061197916666666664 0.1111111111111111
30 0.6940104166666666 0.4149305555555556 0.059895833333333336 0.11805555555555555
27 0.7591145833333334 0.4157986111111111 0.06770833333333333 0.109375
69 0.4596354166666667 0.1440972222222222 0.020833333333333332 0.03125
0 0.2571614583333333 0.14930555555555555 0.029947916666666668 0.0763888888888889
1 0.2819010416666667 0.1467013888888889 0.016927083333333332 0.07118055555555555
0 0.3059895833333333 0.1484375 0.033854166666666664 0.07465277777777778
69 0.33203125 0.14930555555555555 0.018229166666666668 0.034722222222222224
8 0.3567708333333333 0.1484375 0.026041666666666668 0.07465277777777778
4 0.3841145833333333 0.14930555555555555 0.0234375 0.05555555555555555
4 0.41015625 0.14756944444444445 0.0234375 0.0625
0 0.4348958333333333 0.1519097222222222 0.0234375 0.07118055555555555
7 0.4798177083333333 0.1501736111111111 0.024739583333333332 0.06770833333333333
7 0.505859375 0.1484375 0.024739583333333332 0.07118055555555555
0 0.5345052083333334 0.14583333333333334 0.02734375 0.06944444444444445
5 0.5611979166666666 0.1484375 0.026041666666666668 0.07118055555555555
58 0.033854166666666664 0.6857638888888888 0.020833333333333332 0.03819444444444445
58 0.051432291666666664 0.6866319444444444 0.014322916666666666 0.046875
58 0.06510416666666667 0.6875 0.013020833333333334 0.04513888888888889
67 0.076171875 0.6961805555555556 0.006510416666666667 0.017361111111111112
43 0.0859375 0.6857638888888888 0.010416666666666666 0.05555555555555555
36 0.095703125 0.6831597222222222 0.009114583333333334 0.050347222222222224
49 0.10546875 0.6857638888888888 0.010416666666666666 0.04513888888888889
36 0.115234375 0.6875 0.009114583333333334 0.03819444444444445
55 0.12434895833333333 0.6822916666666666 0.006510416666666667 0.052083333333333336
50 0.13411458333333334 0.6857638888888888 0.010416666666666666 0.034722222222222224
56 0.14453125 0.6840277777777778 0.0078125 0.034722222222222224
53 0.15299479166666666 0.6866319444444444 0.009114583333333334 0.03993055555555555
67 0.15950520833333334 0.6970486111111112 0.006510416666666667 0.022569444444444444
38 0.16796875 0.6883680555555556 0.010416666666666666 0.050347222222222224
50 0.1796875 0.6875 0.005208333333333333 0.041666666666666664
48 0.19205729166666666 0.6831597222222222 0.016927083333333332 0.050347222222222224
29 0.6842447916666666 0.7100694444444444 0.022135416666666668 0.03819444444444445
40 0.7024739583333334 0.7109375 0.01171875 0.026041666666666668
47 0.712890625 0.703125 0.009114583333333334 0.04513888888888889
8 0.7337239583333334 0.7048611111111112 0.014322916666666666 0.034722222222222224
2 0.7493489583333334 0.7083333333333334 0.014322916666666666 0.03819444444444445
6 0.7630208333333334 0.703125 0.013020833333333334 0.041666666666666664
69 0.7786458333333334 0.7057291666666666 0.013020833333333334 0.029513888888888888
0 0.79296875 0.7057291666666666 0.013020833333333334 0.046875
7 0.8053385416666666 0.703125 0.01171875 0.041666666666666664
0 0.8196614583333334 0.7048611111111112 0.014322916666666666 0.04513888888888889
0 0.8385416666666666 0.7048611111111112 0.020833333333333332 0.03819444444444445
23 0.6868489583333334 0.6605902777777778 0.02734375 0.05381944444444445
10 0.7096354166666666 0.6640625 0.015625 0.046875
13 0.7278645833333334 0.6649305555555556 0.0234375 0.04513888888888889
27 0.7486979166666666 0.6640625 0.018229166666666668 0.036458333333333336
18 0.7604166666666666 0.6640625 0.005208333333333333 0.03298611111111111
29 0.7734375 0.6631944444444444 0.018229166666666668 0.03819444444444445
24 0.7923177083333334 0.6640625 0.01953125 0.043402777777777776
30 0.8131510416666666 0.6666666666666666 0.01953125 0.04513888888888889
27 0.8333333333333334 0.6640625 0.020833333333333332 0.03993055555555555
