10 0.18515625 0.45208333333333334 0.1109375 0.10833333333333334
49 0.3109375 0.45416666666666666 0.0875 0.10416666666666667
60 0.4078125 0.46875 0.08125 0.1375
29 0.59140625 0.44166666666666665 0.1109375 0.14583333333333334
44 0.6984375 0.4427083333333333 0.059375 0.14375
48 0.8171875 0.4635416666666667 0.1375 0.09791666666666667
40 0.934375 0.46875 0.071875 0.09583333333333334
29 0.38203125 0.5770833333333333 0.0234375 0.041666666666666664
67 0.40078125 0.5854166666666667 0.0140625 0.025
2 0.45234375 0.5739583333333333 0.0234375 0.052083333333333336
2 0.47890625 0.5739583333333333 0.0234375 0.052083333333333336
2 0.53359375 0.5802083333333333 0.0265625 0.04791666666666667
2 0.56015625 0.5791666666666667 0.0234375 0.05
1 0.58046875 0.5791666666666667 0.0140625 0.05416666666666667
15 0.64453125 0.5791666666666667 0.0265625 0.05
67 0.66171875 0.5916666666666667 0.0078125 0.029166666666666667
8 0.675 0.5760416666666667 0.01875 0.05625
2 0.71484375 0.578125 0.0234375 0.05625
2 0.7578125 0.5760416666666667 0.021875 0.04791666666666667
2 0.7796875 0.575 0.021875 0.04583333333333333
3 0.81328125 0.571875 0.0203125 0.052083333333333336
8 0.4265625 0.5708333333333333 0.028125 0.04583333333333333
69 0.50703125 0.56875 0.0203125 0.03333333333333333
2 0.6 0.571875 0.028125 0.03958333333333333
2 0.6953125 0.575 0.01875 0.041666666666666664
69 0.73671875 0.5770833333333333 0.0203125 0.020833333333333332
1 0.79765625 0.5729166666666666 0.0109375 0.04583333333333333
