28 0.10703125 0.4666666666666667 0.0453125 0.0625
40 0.14765625 0.46979166666666666 0.0328125 0.052083333333333336
36 0.1828125 0.47291666666666665 0.034375 0.05
28 0.2890625 0.465625 0.046875 0.06458333333333334
56 0.33203125 0.46458333333333335 0.0390625 0.041666666666666664
49 0.37109375 0.4666666666666667 0.0390625 0.05
13 0.43828125 0.4625 0.0546875 0.058333333333333334
36 0.48359375 0.4708333333333333 0.0265625 0.04583333333333333
49 0.5203125 0.4666666666666667 0.040625 0.04583333333333333
38 0.55546875 0.465625 0.0296875 0.03958333333333333
40 0.58671875 0.465625 0.0328125 0.04375
10 0.65390625 0.4583333333333333 0.0484375 0.041666666666666664
38 0.69609375 0.4625 0.0296875 0.041666666666666664
36 0.72890625 0.46041666666666664 0.0328125 0.03333333333333333
39 0.7640625 0.459375 0.0375 0.052083333333333336
40 0.803125 0.4625 0.03125 0.03333333333333333
48 0.84375 0.46041666666666664 0.05625 0.05416666666666667
60 0.88984375 0.4625 0.0359375 0.0625
