12 0.33359375 0.353125 0.0484375 0.08958333333333333
17 0.38359375 0.35833333333333334 0.0421875 0.1
18 0.4171875 0.36041666666666666 0.01875 0.1
23 0.44609375 0.35208333333333336 0.0390625 0.0875
10 0.4859375 0.353125 0.0375 0.08958333333333333
27 0.56796875 0.35833333333333334 0.0515625 0.09583333333333334
40 0.61328125 0.359375 0.0359375 0.07291666666666667
54 0.65078125 0.35833333333333334 0.0453125 0.0875
55 0.6875 0.35833333333333334 0.028125 0.1
36 0.721875 0.3645833333333333 0.040625 0.08333333333333333
56 0.76171875 0.35833333333333334 0.0453125 0.0875
53 0.8 0.35520833333333335 0.028125 0.08125
36 0.83359375 0.3541666666666667 0.0421875 0.075
49 0.875 0.3541666666666667 0.046875 0.07916666666666666
55 0.91640625 0.35 0.0359375 0.08333333333333333
8 0.46484375 0.9197916666666667 0.0546875 0.13125
6 0.51875 0.9197916666666667 0.053125 0.12291666666666666
3 0.56875 0.9208333333333333 0.046875 0.12916666666666668
9 0.66171875 0.9177083333333333 0.0515625 0.13541666666666666
2 0.7140625 0.921875 0.05 0.13958333333333334
9 0.76796875 0.9260416666666667 0.0484375 0.15208333333333332
3 0.81640625 0.9083333333333333 0.0484375 0.12083333333333333
4 0.9125 0.9145833333333333 0.05625 0.12083333333333333
