28 0.1046875 0.7354166666666667 0.1125 0.19583333333333333
36 0.2015625 0.7572916666666667 0.08125 0.15208333333333332
49 0.2921875 0.759375 0.084375 0.14375
39 0.38203125 0.7416666666666667 0.0859375 0.20416666666666666
12 0.58046875 0.7322916666666667 0.1078125 0.20208333333333334
50 0.67578125 0.7510416666666667 0.0796875 0.14375
41 0.74296875 0.7364583333333333 0.0703125 0.22708333333333333
41 0.8 0.7333333333333333 0.053125 0.23333333333333334
40 0.86875 0.7666666666666667 0.08125 0.1375
40 0.946875 0.7666666666666667 0.084375 0.15833333333333333
