8 0.56015625 0.715625 0.0421875 0.08125
6 0.60546875 0.7166666666666667 0.0578125 0.09166666666666666
7 0.66015625 0.7072916666666667 0.0453125 0.08125
7 0.73125 0.7145833333333333 0.053125 0.07916666666666666
8 0.78125 0.7135416666666666 0.053125 0.08958333333333333
2 0.83515625 0.7114583333333333 0.0578125 0.08958333333333333
2 0.89765625 0.7166666666666667 0.0578125 0.08333333333333333
2 0.778125 0.37083333333333335 0.059375 0.0875
15 0.8390625 0.378125 0.053125 0.09375
36 0.12734375 0.6052083333333333 0.0484375 0.07708333333333334
47 0.16484375 0.6052083333333333 0.0265625 0.08125
47 0.19140625 0.6052083333333333 0.0296875 0.08541666666666667
50 0.22421875 0.60625 0.0359375 0.0625
38 0.28671875 0.60625 0.0421875 0.06666666666666667
50 0.325 0.6041666666666666 0.034375 0.058333333333333334
46 0.3859375 0.5979166666666667 0.046875 0.0875
53 0.43203125 0.5885416666666666 0.0453125 0.06458333333333334
