29 0.36484375 0.7875 0.0734375 0.10833333333333334
8 0.434375 0.790625 0.046875 0.08958333333333333
6 0.47890625 0.79375 0.0515625 0.1
2 0.52734375 0.79375 0.0421875 0.10416666666666667
1 0.59140625 0.8010416666666667 0.0453125 0.10208333333333333
1 0.6296875 0.8 0.03125 0.10833333333333334
0 0.6671875 0.79375 0.046875 0.10833333333333334
9 0.71328125 0.8 0.0453125 0.1
2 0.8 0.8052083333333333 0.05 0.09791666666666667
3 0.86328125 0.8145833333333333 0.0453125 0.10416666666666667
15 0.91328125 0.8135416666666667 0.0609375 0.09791666666666667
