12 0.1046875 0.34375 0.034375 0.05416666666666667
27 0.13359375 0.34375 0.0234375 0.05416666666666667
14 0.15859375 0.34270833333333334 0.0265625 0.04791666666666667
10 0.18671875 0.3416666666666667 0.0265625 0.05
29 0.2109375 0.3416666666666667 0.021875 0.05
18 0.23046875 0.34270833333333334 0.0109375 0.052083333333333336
23 0.27890625 0.3375 0.0328125 0.05416666666666667
24 0.25 0.34479166666666666 0.025 0.04791666666666667
29 0.06015625 0.5520833333333334 0.0390625 0.05
8 0.11796875 0.5510416666666667 0.0421875 0.052083333333333336
6 0.15546875 0.5510416666666667 0.0328125 0.04791666666666667
3 0.19140625 0.5520833333333334 0.0390625 0.058333333333333334
5 0.25859375 0.5489583333333333 0.0328125 0.06041666666666667
9 0.2921875 0.5479166666666667 0.034375 0.0625
2 0.3296875 0.559375 0.0375 0.06458333333333334
2 0.371875 0.5552083333333333 0.04375 0.04791666666666667
0 0.47734375 0.5541666666666667 0.0390625 0.058333333333333334
8 0.5171875 0.5510416666666667 0.04375 0.05625
0 0.55703125 0.553125 0.0359375 0.05625
4 0.63125 0.5520833333333334 0.0375 0.058333333333333334
7 0.6703125 0.5458333333333333 0.040625 0.05416666666666667
8 0.709375 0.5479166666666667 0.0375 0.05
7 0.78359375 0.5510416666666667 0.0453125 0.04791666666666667
0 0.82265625 0.5479166666666667 0.0328125 0.04583333333333333
0 0.86015625 0.55 0.0390625 0.058333333333333334
0 0.90078125 0.546875 0.0421875 0.06458333333333334
