38 0.36171875 0.6552083333333333 0.0296875 0.05625
50 0.39609375 0.65625 0.0265625 0.058333333333333334
41 0.4265625 0.6489583333333333 0.021875 0.08125
41 0.45 0.65 0.025 0.07916666666666666
40 0.4796875 0.665625 0.034375 0.06458333333333334
40 0.5140625 0.6614583333333334 0.034375 0.05625
37 0.5796875 0.653125 0.034375 0.08541666666666667
40 0.61484375 0.6635416666666667 0.0390625 0.052083333333333336
40 0.65078125 0.665625 0.0265625 0.052083333333333336
53 0.6796875 0.6635416666666667 0.03125 0.05625
8 0.8046875 0.6666666666666666 0.040625 0.06666666666666667
6 0.83671875 0.665625 0.0265625 0.06458333333333334
2 0.86484375 0.6635416666666667 0.0296875 0.06458333333333334
6 0.91875 0.6708333333333333 0.025 0.0625
9 0.946875 0.6697916666666667 0.028125 0.06875
5 0.978125 0.6697916666666667 0.028125 0.07291666666666667
