8 0.25390625 0.3770833333333333 0.0921875 0.17083333333333334
6 0.3359375 0.3729166666666667 0.06875 0.16666666666666666
1 0.4015625 0.3802083333333333 0.053125 0.16875
9 0.53984375 0.3729166666666667 0.0828125 0.15416666666666667
2 0.6171875 0.37916666666666665 0.075 0.1625
9 0.69296875 0.38229166666666664 0.0765625 0.16041666666666668
2 0.77109375 0.3770833333333333 0.0828125 0.15833333333333333
17 0.45 0.58125 0.078125 0.175
24 0.5234375 0.5739583333333333 0.059375 0.17291666666666666
15 0.58203125 0.571875 0.0515625 0.15208333333333332
