8 0.1515625 0.86875 0.028125 0.09166666666666666
6 0.18359375 0.8666666666666667 0.0265625 0.075
2 0.21328125 0.8697916666666666 0.0234375 0.08125
7 0.24140625 0.8645833333333334 0.0234375 0.06666666666666667
5 0.26953125 0.8677083333333333 0.0265625 0.06458333333333334
3 0.2953125 0.8635416666666667 0.025 0.06458333333333334
5 0.3265625 0.8666666666666667 0.034375 0.06666666666666667
32 0.4171875 0.8572916666666667 0.090625 0.09375
44 0.475 0.8541666666666666 0.01875 0.10833333333333334
54 0.5 0.8635416666666667 0.040625 0.07291666666666667
46 0.54453125 0.8604166666666667 0.0390625 0.09583333333333334
60 0.58671875 0.8708333333333333 0.0421875 0.09583333333333334
11 0.68515625 0.8708333333333333 0.0546875 0.09583333333333334
40 0.7375 0.8708333333333333 0.046875 0.07083333333333333
40 0.784375 0.8666666666666667 0.04375 0.07083333333333333
53 0.82578125 0.8729166666666667 0.0359375 0.07083333333333333
2 0.91796875 0.8833333333333333 0.0515625 0.075
15 0.96796875 0.8822916666666667 0.0484375 0.06875
