29 0.121875 0.25833333333333336 0.096875 0.26666666666666666
24 0.215625 0.265625 0.084375 0.24791666666666667
20 0.30703125 0.2625 0.0890625 0.25
34 0.3953125 0.26145833333333335 0.0875 0.24791666666666667
30 0.490625 0.278125 0.096875 0.22708333333333333
17 0.615625 0.2708333333333333 0.084375 0.22916666666666666
24 0.69765625 0.275 0.0828125 0.24166666666666667
30 0.77890625 0.275 0.0796875 0.24166666666666667
28 0.85703125 0.27708333333333335 0.0765625 0.25
14 0.93984375 0.2708333333333333 0.0953125 0.2375
29 0.11484375 0.5052083333333334 0.0609375 0.10208333333333333
8 0.19609375 0.50625 0.0515625 0.0875
2 0.26640625 0.5083333333333333 0.0515625 0.09166666666666666
2 0.3421875 0.5052083333333334 0.04375 0.08958333333333333
8 0.440625 0.5072916666666667 0.053125 0.08958333333333333
1 0.50625 0.5052083333333334 0.046875 0.09375
8 0.57421875 0.503125 0.0453125 0.08541666666666667
0 0.63984375 0.5052083333333334 0.0484375 0.07708333333333334
