11 0.3328125 0.5791666666666667 0.146875 0.2708333333333333
10 0.50234375 0.584375 0.1890625 0.28541666666666665
27 0.6828125 0.5864583333333333 0.1875 0.28958333333333336
23 0.38828125 0.396875 0.0515625 0.07291666666666667
24 0.4296875 0.396875 0.028125 0.07291666666666667
11 0.45546875 0.3958333333333333 0.0296875 0.07083333333333333
21 0.48046875 0.39895833333333336 0.0203125 0.08958333333333333
14 0.503125 0.4041666666666667 0.028125 0.07916666666666666
28 0.52578125 0.4010416666666667 0.0203125 0.07708333333333334
28 0.54453125 0.403125 0.0265625 0.07708333333333334
14 0.57109375 0.4041666666666667 0.0328125 0.075
