28 0.3484375 0.6104166666666667 0.040625 0.0625
40 0.38125 0.60625 0.034375 0.058333333333333334
50 0.41328125 0.6052083333333333 0.0296875 0.052083333333333336
10 0.44765625 0.60625 0.0421875 0.0625
40 0.4828125 0.6041666666666666 0.025 0.058333333333333334
14 0.534375 0.6010416666666667 0.0375 0.06875
54 0.56640625 0.6041666666666666 0.0328125 0.05416666666666667
55 0.59453125 0.603125 0.0234375 0.05625
43 0.6234375 0.5958333333333333 0.0375 0.0625
40 0.65703125 0.5979166666666667 0.0265625 0.058333333333333334
55 0.68125 0.5989583333333334 0.021875 0.06458333333333334
44 0.703125 0.5916666666666667 0.021875 0.0625
38 0.73046875 0.5989583333333334 0.0296875 0.052083333333333336
29 0.31171875 0.9020833333333333 0.0296875 0.0875
40 0.3375 0.8958333333333334 0.015625 0.08333333333333333
47 0.3546875 0.8916666666666667 0.01875 0.09166666666666666
0 0.4078125 0.8958333333333334 0.034375 0.075
4 0.44140625 0.896875 0.0296875 0.08541666666666667
2 0.47265625 0.8989583333333333 0.0328125 0.08125
8 0.534375 0.8989583333333333 0.028125 0.06875
6 0.56171875 0.8958333333333334 0.0296875 0.07083333333333333
1 0.58671875 0.896875 0.0265625 0.07291666666666667
1 0.6453125 0.8864583333333333 0.025 0.08125
4 0.6734375 0.8885416666666667 0.028125 0.08958333333333333
7 0.6984375 0.890625 0.025 0.08541666666666667
0 0.73125 0.8947916666666667 0.03125 0.09375
