29 0.13046875 0.353125 0.1015625 0.16875
24 0.24140625 0.359375 0.1171875 0.14375
22 0.37109375 0.35520833333333335 0.1265625 0.14791666666666667
22 0.50859375 0.3572916666666667 0.1421875 0.16458333333333333
34 0.6421875 0.359375 0.10625 0.17291666666666666
12 0.73203125 0.31145833333333334 0.0421875 0.07708333333333334
36 0.76640625 0.31875 0.0296875 0.07083333333333333
54 0.79375 0.3302083333333333 0.028125 0.06041666666666667
56 0.821875 0.325 0.028125 0.05416666666666667
36 0.84765625 0.321875 0.0265625 0.052083333333333336
47 0.86796875 0.32083333333333336 0.0140625 0.05416666666666667
32 0.75625 0.403125 0.046875 0.06041666666666667
40 0.7984375 0.4114583333333333 0.03125 0.04791666666666667
36 0.82734375 0.40520833333333334 0.0234375 0.04791666666666667
53 0.85234375 0.40520833333333334 0.0203125 0.05625
