8 0.72890625 0.48020833333333335 0.0359375 0.07708333333333334
2 0.7609375 0.48333333333333334 0.028125 0.075
3 0.78984375 0.4822916666666667 0.0265625 0.08125
2 0.840625 0.478125 0.040625 0.08958333333333333
2 0.871875 0.4895833333333333 0.01875 0.07916666666666666
2 0.89609375 0.4822916666666667 0.0234375 0.06041666666666667
3 0.921875 0.4895833333333333 0.034375 0.07083333333333333
25 0.025 0.4635416666666667 0.05 0.08958333333333333
14 0.06796875 0.45729166666666665 0.0390625 0.08541666666666667
21 0.1078125 0.459375 0.040625 0.07708333333333334
18 0.13828125 0.46041666666666664 0.0171875 0.07916666666666666
12 0.165625 0.4583333333333333 0.0375 0.08333333333333333
10 0.20625 0.46770833333333334 0.046875 0.06875
23 0.25625 0.4708333333333333 0.053125 0.075
10 0.309375 0.46979166666666666 0.05 0.06458333333333334
