11 0.31328125 0.6270833333333333 0.1859375 0.3125
44 0.46796875 0.6291666666666667 0.0984375 0.3125
40 0.61328125 0.6666666666666666 0.1671875 0.23333333333333334
53 0.775 0.68125 0.13125 0.22083333333333333
0 0.50234375 0.896875 0.0265625 0.07291666666666667
8 0.52734375 0.896875 0.0203125 0.07708333333333334
0 0.5515625 0.89375 0.025 0.07083333333333333
3 0.5953125 0.903125 0.034375 0.06458333333333334
4 0.62421875 0.9010416666666666 0.0234375 0.07291666666666667
5 0.64765625 0.90625 0.0203125 0.06666666666666667
0 0.690625 0.9072916666666667 0.03125 0.07708333333333334
0 0.7171875 0.9083333333333333 0.01875 0.075
1 0.74140625 0.9104166666666667 0.0203125 0.075
2 0.76484375 0.90625 0.0265625 0.075
