19 0.184375 0.31875 0.2125 0.3333333333333333
14 0.396875 0.3302083333333333 0.19375 0.29375
14 0.5953125 0.33541666666666664 0.1875 0.2916666666666667
29 0.79765625 0.33125 0.2109375 0.2791666666666667
14 0.071875 0.6739583333333333 0.0875 0.12708333333333333
13 0.18828125 0.678125 0.0859375 0.13958333333333334
30 0.290625 0.68125 0.078125 0.12083333333333333
12 0.3890625 0.6791666666666667 0.084375 0.11666666666666667
10 0.49375 0.6854166666666667 0.084375 0.125
29 0.58671875 0.6802083333333333 0.0828125 0.12291666666666666
18 0.6671875 0.6729166666666667 0.053125 0.1
24 0.7578125 0.6739583333333333 0.09375 0.12291666666666666
23 0.87265625 0.6802083333333333 0.0953125 0.11041666666666666
