18 0.3640625 0.34375 0.034375 0.12916666666666668
23 0.44765625 0.3489583333333333 0.0984375 0.14375
29 0.553125 0.346875 0.075 0.11458333333333333
14 0.659375 0.3458333333333333 0.09375 0.12083333333333333
27 0.76015625 0.340625 0.0890625 0.11875
23 0.4421875 0.253125 0.04375 0.06041666666666667
28 0.5109375 0.2520833333333333 0.03125 0.058333333333333334
48 0.5453125 0.25625 0.0375 0.041666666666666664
50 0.5765625 0.25729166666666664 0.021875 0.04375
46 0.6 0.2520833333333333 0.025 0.05416666666666667
44 0.61953125 0.2520833333333333 0.0140625 0.05416666666666667
49 0.63984375 0.25729166666666664 0.0265625 0.04375
42 0.665625 0.2604166666666667 0.025 0.058333333333333334
10 0.7015625 0.25 0.034375 0.05
53 0.72578125 0.2552083333333333 0.0140625 0.03958333333333333
40 0.7453125 0.253125 0.025 0.03958333333333333
36 0.77421875 0.2552083333333333 0.0296875 0.03958333333333333
50 0.47734375 0.259375 0.0296875 0.035416666666666666
