24 0.06171875 0.40208333333333335 0.0890625 0.19583333333333333
28 0.1375 0.4010416666666667 0.078125 0.19375
12 0.21015625 0.4083333333333333 0.0703125 0.19583333333333333
10 0.2796875 0.409375 0.06875 0.17291666666666666
27 0.34609375 0.4270833333333333 0.0671875 0.15
11 0.44296875 0.43333333333333335 0.0578125 0.1625
44 0.484375 0.43854166666666666 0.034375 0.16041666666666668
47 0.51015625 0.4375 0.0171875 0.15
47 0.52890625 0.44583333333333336 0.0109375 0.15833333333333333
44 0.546875 0.44375 0.01875 0.14166666666666666
36 0.57890625 0.45 0.0546875 0.11666666666666667
53 0.62421875 0.45208333333333334 0.0359375 0.13333333333333333
39 0.6734375 0.44583333333333336 0.059375 0.13333333333333333
38 0.74765625 0.471875 0.0546875 0.11458333333333333
47 0.78515625 0.4666666666666667 0.0265625 0.15416666666666667
56 0.82265625 0.478125 0.0421875 0.12291666666666666
37 0.87265625 0.46041666666666664 0.0640625 0.1625
