29 0.45 0.66875 0.0375 0.0625
8 0.4875 0.66875 0.034375 0.06666666666666667
6 0.51875 0.6708333333333333 0.028125 0.07916666666666666
7 0.54765625 0.665625 0.0296875 0.07291666666666667
6 0.6046875 0.66875 0.03125 0.075
6 0.6359375 0.6645833333333333 0.034375 0.0625
6 0.66640625 0.6697916666666667 0.0296875 0.07291666666666667
6 0.6984375 0.6739583333333333 0.03125 0.08541666666666667
4 0.75078125 0.6677083333333333 0.0265625 0.06458333333333334
4 0.7765625 0.6697916666666667 0.03125 0.06458333333333334
4 0.8078125 0.6666666666666666 0.028125 0.0625
4 0.84140625 0.665625 0.0390625 0.06458333333333334
