11 0.08984375 0.5354166666666667 0.0640625 0.14166666666666666
30 0.15546875 0.5260416666666666 0.0671875 0.13541666666666666
28 0.215625 0.5260416666666666 0.05625 0.13958333333333334
18 0.2640625 0.5260416666666666 0.0375 0.13958333333333334
23 0.3234375 0.5197916666666667 0.078125 0.12708333333333333
14 0.39296875 0.5197916666666667 0.0578125 0.12708333333333333
28 0.45625 0.51875 0.065625 0.14166666666666666
28 0.52421875 0.515625 0.0796875 0.14375
12 0.65078125 0.5083333333333333 0.0984375 0.1375
21 0.73359375 0.503125 0.0734375 0.12291666666666666
30 0.80546875 0.5052083333333334 0.0703125 0.13541666666666666
11 0.87890625 0.503125 0.0765625 0.13958333333333334
