10 0.16640625 0.41041666666666665 0.1859375 0.25833333333333336
11 0.29765625 0.45729166666666665 0.1609375 0.24375
24 0.44140625 0.50625 0.1609375 0.23333333333333334
30 0.56953125 0.5375 0.1640625 0.25416666666666665
29 0.690625 0.5708333333333333 0.19375 0.225
0 0.57890625 0.7864583333333334 0.0484375 0.08125
3 0.62890625 0.7979166666666667 0.0484375 0.07916666666666666
0 0.68046875 0.8135416666666667 0.0546875 0.06875
5 0.78203125 0.8416666666666667 0.0453125 0.075
15 0.8375 0.85 0.053125 0.07916666666666666
11 0.15625 0.5802083333333333 0.075 0.10208333333333333
10 0.2234375 0.5947916666666667 0.053125 0.09791666666666667
27 0.27578125 0.603125 0.0515625 0.07708333333333334
29 0.18515625 0.6802083333333333 0.0546875 0.08958333333333333
14 0.2296875 0.678125 0.040625 0.08958333333333333
21 0.27421875 0.696875 0.0484375 0.08541666666666667
8 0.35 0.7177083333333333 0.0625 0.08125
6 0.4078125 0.7322916666666667 0.046875 0.07708333333333334
1 0.45234375 0.7479166666666667 0.0390625 0.0875
2 0.5296875 0.7666666666666667 0.05 0.075
27 0.43046875 0.6614583333333334 0.0546875 0.06875
14 0.478125 0.6697916666666667 0.040625 0.08541666666666667
28 0.521875 0.690625 0.046875 0.08125
29 0.56484375 0.696875 0.0359375 0.08125
10 0.60390625 0.7104166666666667 0.0421875 0.0875
30 0.6375 0.7239583333333334 0.046875 0.10208333333333333
27 0.6828125 0.734375 0.04375 0.08125
10 0.7296875 0.7427083333333333 0.053125 0.07291666666666667
23 0.76640625 0.7572916666666667 0.0453125 0.08541666666666667
29 0.81015625 0.76875 0.0515625 0.07916666666666666
