28 0.09375 0.39479166666666665 0.109375 0.14375
51 0.1765625 0.4395833333333333 0.0875 0.14583333333333334
50 0.259375 0.40625 0.08125 0.10416666666666667
53 0.33046875 0.41041666666666665 0.0640625 0.10833333333333334
55 0.3875 0.3958333333333333 0.05625 0.14166666666666666
54 0.4484375 0.4166666666666667 0.06875 0.12916666666666668
32 0.58671875 0.4083333333333333 0.1265625 0.1375
40 0.67578125 0.4166666666666667 0.0890625 0.10833333333333334
36 0.753125 0.40208333333333335 0.071875 0.1375
53 0.828125 0.4041666666666667 0.08125 0.13333333333333333
16 0.01640625 0.221875 0.0296875 0.07291666666666667
34 0.06953125 0.21666666666666667 0.0328125 0.07083333333333333
24 0.103125 0.215625 0.0375 0.06875
30 0.14140625 0.215625 0.0359375 0.06875
23 0.1796875 0.21875 0.0375 0.05416666666666667
16 0.22109375 0.22083333333333333 0.0421875 0.07083333333333333
