1 0.26015625 0.5 0.0234375 0.075
2 0.2875 0.4979166666666667 0.034375 0.07083333333333333
7 0.31796875 0.5 0.0265625 0.07916666666666666
29 0.50078125 0.49375 0.0328125 0.08333333333333333
8 0.55234375 0.496875 0.0296875 0.06458333333333334
2 0.58671875 0.496875 0.0296875 0.06458333333333334
2 0.62109375 0.49375 0.0390625 0.07916666666666666
4 0.69921875 0.4947916666666667 0.0390625 0.06875
5 0.7359375 0.49166666666666664 0.03125 0.06666666666666667
4 0.7703125 0.49583333333333335 0.0375 0.05416666666666667
9 0.80625 0.503125 0.040625 0.06458333333333334
