8 0.634375 0.5666666666666667 0.040625 0.09166666666666666
2 0.67890625 0.565625 0.0484375 0.10625
2 0.72890625 0.5625 0.0453125 0.075
5 0.83515625 0.5625 0.0515625 0.09583333333333334
7 0.87421875 0.5614583333333333 0.0359375 0.08958333333333333
9 0.91875 0.5614583333333333 0.034375 0.08125
0 0.9671875 0.5635416666666667 0.046875 0.09375
14 0.07578125 0.2604166666666667 0.1453125 0.3
47 0.196875 0.26666666666666666 0.090625 0.32083333333333336
60 0.325 0.3125 0.153125 0.31666666666666665
54 0.4734375 0.2833333333333333 0.134375 0.2625
44 0.59375 0.24583333333333332 0.090625 0.3125
50 0.725 0.27708333333333335 0.140625 0.2375
49 0.89453125 0.29375 0.1703125 0.24166666666666667
