8 0.49453125 0.8583333333333333 0.0265625 0.075
6 0.51875 0.8541666666666666 0.021875 0.08333333333333333
7 0.540625 0.8572916666666667 0.021875 0.06875
7 0.58203125 0.8510416666666667 0.0234375 0.06875
9 0.60625 0.8520833333333333 0.021875 0.06666666666666667
7 0.628125 0.85 0.01875 0.07083333333333333
7 0.653125 0.8447916666666667 0.03125 0.06041666666666667
16 0.19765625 0.65 0.1921875 0.2625
36 0.36875 0.653125 0.140625 0.20208333333333334
53 0.4984375 0.6489583333333333 0.125 0.21041666666666667
55 0.60625 0.628125 0.0875 0.25625
40 0.7265625 0.6229166666666667 0.15625 0.22083333333333333
49 0.88984375 0.6125 0.1671875 0.2125
