25 0.1453125 0.4427083333333333 0.084375 0.16875
44 0.2015625 0.44375 0.028125 0.175
61 0.23671875 0.45 0.0421875 0.12916666666666668
61 0.278125 0.4510416666666667 0.04375 0.13541666666666666
36 0.33203125 0.453125 0.0609375 0.13541666666666666
22 0.46953125 0.44895833333333335 0.1015625 0.14791666666666667
60 0.5453125 0.45729166666666665 0.05 0.13125
50 0.59609375 0.4583333333333333 0.0515625 0.13333333333333333
56 0.65390625 0.46145833333333336 0.0546875 0.13958333333333334
49 0.70859375 0.459375 0.0515625 0.14375
42 0.76171875 0.45416666666666666 0.0578125 0.14583333333333334
42 0.8171875 0.4552083333333333 0.053125 0.15208333333333332
36 0.878125 0.46041666666666664 0.06875 0.14166666666666666
