9 0.58671875 0.23333333333333334 0.1953125 0.24583333333333332
9 0.70546875 0.334375 0.1765625 0.22708333333333333
0 0.8546875 0.21666666666666667 0.15625 0.1875
56 0.01171875 0.08333333333333333 0.0203125 0.04583333333333333
54 0.03046875 0.08125 0.0140625 0.041666666666666664
43 0.04921875 0.08125 0.0234375 0.041666666666666664
44 0.06640625 0.08229166666666667 0.0109375 0.04791666666666667
9 0.0796875 0.08229166666666667 0.0125 0.04375
9 0.09453125 0.08125 0.0203125 0.05
0 0.11328125 0.08125 0.0171875 0.05
38 0.14140625 0.08854166666666667 0.0171875 0.03958333333333333
50 0.15859375 0.0875 0.0171875 0.041666666666666664
48 0.1828125 0.08854166666666667 0.028125 0.03958333333333333
29 0.1625 0.41875 0.03125 0.058333333333333334
36 0.19140625 0.41875 0.0234375 0.05
46 0.21875 0.41041666666666665 0.028125 0.058333333333333334
40 0.24765625 0.41458333333333336 0.0265625 0.04583333333333333
24 0.28671875 0.41458333333333336 0.0359375 0.0625
56 0.32109375 0.42083333333333334 0.0296875 0.05
55 0.35 0.42291666666666666 0.028125 0.05416666666666667
9 0.87265625 0.6739583333333333 0.0265625 0.07291666666666667
9 0.89140625 0.7020833333333333 0.0234375 0.058333333333333334
0 0.91875 0.675 0.03125 0.06666666666666667
