2 0.13125 0.234375 0.071875 0.13958333333333334
4 0.2078125 0.23854166666666668 0.071875 0.15625
58 0.06015625 0.428125 0.0796875 0.09375
58 0.13828125 0.42604166666666665 0.0734375 0.10625
58 0.209375 0.428125 0.06875 0.10208333333333333
48 0.3125 0.43125 0.0875 0.1
44 0.36953125 0.4197916666666667 0.0296875 0.13125
49 0.41171875 0.421875 0.0484375 0.09791666666666667
44 0.45546875 0.41875 0.0296875 0.125
54 0.49453125 0.41770833333333335 0.0453125 0.10625
55 0.54140625 0.41875 0.0421875 0.10833333333333334
50 0.58515625 0.425 0.0484375 0.07916666666666666
51 0.64609375 0.43854166666666666 0.0609375 0.10208333333333333
38 0.728125 0.42604166666666665 0.053125 0.08125
50 0.7859375 0.4239583333333333 0.053125 0.09791666666666667
46 0.86875 0.4270833333333333 0.053125 0.10833333333333334
53 0.9265625 0.43125 0.059375 0.10416666666666667
