29 0.39140625 0.7520833333333333 0.0390625 0.09166666666666666
8 0.44453125 0.7541666666666667 0.0328125 0.08333333333333333
6 0.48125 0.75625 0.034375 0.0875
4 0.5171875 0.7520833333333333 0.034375 0.07916666666666666
2 0.57421875 0.7572916666666667 0.0328125 0.08541666666666667
3 0.60859375 0.7583333333333333 0.0359375 0.1
4 0.64453125 0.753125 0.0359375 0.08541666666666667
5 0.6875 0.75625 0.046875 0.09166666666666666
4 0.6296875 0.8854166666666666 0.04375 0.10416666666666667
15 0.67265625 0.8947916666666667 0.0359375 0.09375
