22 0.021875 0.5083333333333333 0.04375 0.075
30 0.0625 0.5052083333333334 0.0375 0.07708333333333334
28 0.1015625 0.5052083333333334 0.040625 0.08125
18 0.1328125 0.5052083333333334 0.021875 0.07708333333333334
12 0.1671875 0.503125 0.040625 0.07708333333333334
8 0.58828125 0.48020833333333335 0.0421875 0.07708333333333334
6 0.62578125 0.48020833333333335 0.0265625 0.08541666666666667
3 0.65859375 0.48020833333333335 0.0390625 0.06875
1 0.7203125 0.47708333333333336 0.025 0.07083333333333333
3 0.75234375 0.47291666666666665 0.0328125 0.075
2 0.78671875 0.471875 0.0359375 0.08125
0 0.825 0.4739583333333333 0.04375 0.08125
