29 0.14296875 0.459375 0.0390625 0.10208333333333333
40 0.1796875 0.46458333333333335 0.028125 0.0625
47 0.2078125 0.46145833333333336 0.025 0.07291666666666667
40 0.234375 0.4666666666666667 0.028125 0.05
51 0.271875 0.47604166666666664 0.034375 0.07291666666666667
43 0.31015625 0.4625 0.0359375 0.07083333333333333
50 0.34453125 0.4708333333333333 0.0328125 0.05416666666666667
49 0.37890625 0.475 0.0359375 0.0625
40 0.415625 0.47604166666666664 0.040625 0.05625
8 0.46875 0.4708333333333333 0.034375 0.07083333333333333
6 0.50703125 0.46875 0.0359375 0.0875
7 0.53984375 0.4791666666666667 0.0296875 0.075
0 0.6171875 0.48125 0.04375 0.06666666666666667
5 0.659375 0.4875 0.0375 0.08333333333333333
9 0.69296875 0.48333333333333334 0.0296875 0.07083333333333333
9 0.73046875 0.48854166666666665 0.0484375 0.08125
29 0.278125 0.8645833333333334 0.040625 0.075
14 0.31328125 0.8666666666666667 0.0234375 0.09583333333333334
21 0.33671875 0.871875 0.0265625 0.08958333333333333
8 0.39453125 0.8604166666666667 0.0390625 0.08333333333333333
6 0.4328125 0.8583333333333333 0.040625 0.09166666666666666
3 0.47265625 0.8635416666666667 0.0421875 0.08958333333333333
3 0.54609375 0.8791666666666667 0.0421875 0.09166666666666666
5 0.5875 0.8708333333333333 0.040625 0.0875
5 0.62578125 0.8697916666666666 0.0390625 0.09375
3 0.66328125 0.8770833333333333 0.0421875 0.10416666666666667
4 0.92265625 0.8875 0.0421875 0.09583333333333334
15 0.96875 0.896875 0.046875 0.08958333333333333
