3 0.20625 0.38333333333333336 0.078125 0.125
41 0.64765625 0.4666666666666667 0.0484375 0.125
22 0.23515625 0.5270833333333333 0.0796875 0.1
56 0.3 0.5270833333333333 0.05625 0.07916666666666666
54 0.35234375 0.5166666666666667 0.0484375 0.1
44 0.38828125 0.509375 0.0234375 0.11875
38 0.42109375 0.51875 0.0453125 0.09583333333333334
12 0.53671875 0.48854166666666665 0.0640625 0.12708333333333333
36 0.596875 0.4947916666666667 0.05625 0.08541666666666667
40 0.70546875 0.48020833333333335 0.0671875 0.10208333333333333
