12 0.8453125 0.5864583333333333 0.025 0.035416666666666666
24 0.86484375 0.5885416666666666 0.0109375 0.04375
12 0.88125 0.5875 0.01875 0.04583333333333333
24 0.9 0.590625 0.015625 0.027083333333333334
17 0.91953125 0.5895833333333333 0.0171875 0.041666666666666664
24 0.9375 0.590625 0.0125 0.03125
13 0.9546875 0.5885416666666666 0.015625 0.05625
24 0.9734375 0.590625 0.021875 0.04375
58 0.025 0.7645833333333333 0.040625 0.07916666666666666
58 0.06953125 0.7708333333333334 0.0453125 0.075
38 0.13046875 0.7708333333333334 0.0359375 0.07083333333333333
50 0.16875 0.7697916666666667 0.0375 0.07291666666666667
38 0.2046875 0.7760416666666666 0.03125 0.08958333333333333
50 0.2390625 0.7708333333333334 0.0375 0.0625
43 0.275 0.7770833333333333 0.034375 0.1
50 0.31484375 0.7729166666666667 0.0390625 0.075
39 0.353125 0.7729166666666667 0.028125 0.10416666666666667
50 0.38828125 0.7729166666666667 0.0359375 0.07916666666666666
38 0.43671875 0.7760416666666666 0.0390625 0.08125
50 0.47890625 0.7708333333333334 0.0390625 0.075
46 0.52265625 0.7697916666666667 0.0453125 0.11041666666666666
53 0.5578125 0.771875 0.03125 0.07708333333333334
8 0.60390625 0.7708333333333334 0.0421875 0.0875
2 0.64609375 0.771875 0.0359375 0.08541666666666667
4 0.68828125 0.7677083333333333 0.0453125 0.08125
9 0.7734375 0.7697916666666667 0.034375 0.08958333333333333
5 0.81015625 0.7625 0.0328125 0.0875
5 0.84765625 0.7614583333333333 0.0421875 0.08541666666666667
4 0.89375 0.7645833333333333 0.05 0.07916666666666666
