54 0.33671875 0.11041666666666666 0.0734375 0.1
43 0.40625 0.10729166666666666 0.06875 0.10208333333333333
50 0.478125 0.11354166666666667 0.071875 0.07291666666666667
51 0.5453125 0.12708333333333333 0.075 0.1
2 0.23671875 0.46875 0.1359375 0.14166666666666666
4 0.42578125 0.471875 0.1171875 0.13958333333333334
0 0.5390625 0.475 0.103125 0.14166666666666666
0 0.64609375 0.47708333333333336 0.1078125 0.1375
3 0.20546875 0.8854166666666666 0.1078125 0.15416666666666667
9 0.409375 0.8958333333333334 0.115625 0.15
0 0.534375 0.9 0.1 0.16666666666666666
0 0.64375 0.909375 0.10625 0.16041666666666668
