14 0.090625 0.803125 0.046875 0.06041666666666667
59 0.134375 0.8125 0.040625 0.05416666666666667
51 0.1765625 0.8145833333333333 0.04375 0.0625
50 0.225 0.8052083333333333 0.05 0.04791666666666667
24 0.30703125 0.8 0.0484375 0.075
53 0.3453125 0.803125 0.034375 0.04791666666666667
55 0.375 0.7989583333333333 0.028125 0.06875
43 0.409375 0.7958333333333333 0.040625 0.07083333333333333
50 0.45 0.8020833333333334 0.046875 0.05416666666666667
51 0.49296875 0.8125 0.0390625 0.07916666666666666
36 0.52890625 0.8010416666666667 0.0359375 0.06458333333333334
40 0.56875 0.7979166666666667 0.046875 0.0625
39 0.6125 0.7916666666666666 0.034375 0.07083333333333333
44 0.640625 0.7947916666666667 0.021875 0.06875
38 0.67109375 0.796875 0.0390625 0.06875
12 0.7484375 0.78125 0.04375 0.06666666666666667
47 0.7796875 0.78125 0.01875 0.075
44 0.79921875 0.78125 0.0203125 0.058333333333333334
49 0.8296875 0.7875 0.0375 0.05416666666666667
44 0.85703125 0.7791666666666667 0.0171875 0.058333333333333334
38 0.884375 0.7885416666666667 0.034375 0.06041666666666667
0 0.1171875 0.8770833333333333 0.071875 0.07083333333333333
4 0.1796875 0.88125 0.05625 0.07083333333333333
2 0.23359375 0.88125 0.0546875 0.075
8 0.36171875 0.8760416666666667 0.0484375 0.07708333333333334
6 0.41640625 0.871875 0.0484375 0.07708333333333334
1 0.4578125 0.8729166666666667 0.021875 0.08333333333333333
2 0.5796875 0.865625 0.05625 0.06875
0 0.63984375 0.8739583333333333 0.0703125 0.06875
2 0.70078125 0.8666666666666667 0.0484375 0.07083333333333333
2 0.74921875 0.8645833333333334 0.0515625 0.07083333333333333
3 0.871875 0.8635416666666667 0.05 0.09375
