8 0.1640625 0.8 0.071875 0.14166666666666666
6 0.22890625 0.7958333333333333 0.0578125 0.15
1 0.28359375 0.7979166666666667 0.0484375 0.14583333333333334
0 0.3875 0.7875 0.0625 0.14166666666666666
9 0.45078125 0.7885416666666667 0.0640625 0.13541666666666666
1 0.503125 0.78125 0.046875 0.125
1 0.55 0.7864583333333334 0.05 0.13541666666666666
3 0.7078125 0.7760416666666666 0.11875 0.15625
15 0.81796875 0.7739583333333333 0.1109375 0.13125
22 0.07421875 0.23541666666666666 0.0796875 0.10416666666666667
25 0.14140625 0.23333333333333334 0.0578125 0.10416666666666667
13 0.196875 0.22708333333333333 0.053125 0.10833333333333334
10 0.25234375 0.22083333333333333 0.0640625 0.10416666666666667
