12 0.09921875 0.36041666666666666 0.0265625 0.05416666666666667
27 0.12265625 0.3572916666666667 0.0234375 0.05625
14 0.1453125 0.353125 0.01875 0.052083333333333336
10 0.1671875 0.35104166666666664 0.021875 0.04791666666666667
29 0.1890625 0.353125 0.01875 0.04791666666666667
18 0.20625 0.35520833333333335 0.009375 0.052083333333333336
24 0.22265625 0.346875 0.0203125 0.04375
23 0.2515625 0.34479166666666666 0.0375 0.052083333333333336
29 0.05859375 0.5572916666666666 0.0390625 0.052083333333333336
8 0.10625 0.559375 0.028125 0.052083333333333336
6 0.134375 0.5552083333333333 0.03125 0.04375
3 0.16484375 0.5572916666666666 0.0390625 0.06041666666666667
5 0.225 0.5552083333333333 0.03125 0.04791666666666667
9 0.25625 0.5520833333333334 0.03125 0.05
2 0.2890625 0.5510416666666667 0.0375 0.04791666666666667
2 0.32578125 0.553125 0.0390625 0.04791666666666667
0 0.41796875 0.5489583333333333 0.0421875 0.05625
8 0.45625 0.5447916666666667 0.034375 0.05625
0 0.49140625 0.5416666666666666 0.0453125 0.06666666666666667
4 0.5625 0.54375 0.0375 0.07083333333333333
7 0.60390625 0.5375 0.0390625 0.05
8 0.64296875 0.5354166666666667 0.0421875 0.05416666666666667
7 0.71484375 0.5364583333333334 0.0421875 0.06041666666666667
0 0.75625 0.5333333333333333 0.0375 0.05416666666666667
0 0.796875 0.53125 0.04375 0.05
0 0.8421875 0.5291666666666667 0.046875 0.05416666666666667
