17 0.35625 0.3416666666666667 0.05625 0.0625
11 0.40078125 0.3458333333333333 0.0328125 0.05416666666666667
14 0.44453125 0.34479166666666666 0.0359375 0.05625
49 0.475 0.346875 0.021875 0.052083333333333336
42 0.50078125 0.3489583333333333 0.0265625 0.06458333333333334
47 0.51953125 0.3385416666666667 0.0078125 0.052083333333333336
44 0.52890625 0.340625 0.0109375 0.052083333333333336
54 0.5453125 0.33958333333333335 0.01875 0.04583333333333333
43 0.5734375 0.340625 0.028125 0.04791666666666667
28 0.6140625 0.3385416666666667 0.034375 0.06458333333333334
38 0.64296875 0.34375 0.0234375 0.05
43 0.66875 0.33645833333333336 0.028125 0.06041666666666667
50 0.696875 0.3375 0.025 0.04583333333333333
50 0.72421875 0.3385416666666667 0.0265625 0.052083333333333336
47 0.74375 0.33229166666666665 0.0125 0.052083333333333336
3 0.08671875 0.671875 0.0953125 0.11458333333333333
