21 0.24453125 0.3 0.0421875 0.09166666666666666
50 0.284375 0.3 0.040625 0.0625
57 0.31953125 0.30104166666666665 0.0390625 0.07291666666666667
40 0.35625 0.30416666666666664 0.034375 0.07916666666666666
47 0.3828125 0.30416666666666664 0.01875 0.09166666666666666
60 0.4140625 0.30833333333333335 0.040625 0.07083333333333333
17 0.51953125 0.2604166666666667 0.1390625 0.20833333333333334
24 0.6234375 0.28541666666666665 0.084375 0.1
22 0.70546875 0.2791666666666667 0.0859375 0.125
14 0.7953125 0.271875 0.090625 0.11041666666666666
