34 0.4015625 0.4979166666666667 0.178125 0.25
24 0.54609375 0.5375 0.1140625 0.175
11 0.35859375 0.221875 0.0921875 0.13541666666666666
10 0.4609375 0.22291666666666668 0.103125 0.1375
27 0.55859375 0.22604166666666667 0.1078125 0.13958333333333334
22 0.32890625 0.8385416666666666 0.0453125 0.05625
24 0.36796875 0.8375 0.0328125 0.0625
13 0.39921875 0.8302083333333333 0.0296875 0.06041666666666667
14 0.4265625 0.8322916666666667 0.025 0.06458333333333334
27 0.45390625 0.8291666666666667 0.0328125 0.06666666666666667
23 0.48515625 0.8270833333333333 0.0296875 0.07083333333333333
11 0.53046875 0.828125 0.0296875 0.07291666666666667
10 0.559375 0.825 0.034375 0.06666666666666667
27 0.596875 0.8291666666666667 0.034375 0.06666666666666667
8 0.3296875 0.9052083333333333 0.034375 0.07708333333333334
6 0.375 0.909375 0.0375 0.06041666666666667
7 0.421875 0.90625 0.03125 0.0625
5 0.46640625 0.903125 0.0390625 0.06458333333333334
0 0.50859375 0.9 0.0359375 0.06666666666666667
6 0.55390625 0.9041666666666667 0.0390625 0.0625
0 0.59765625 0.9020833333333333 0.0421875 0.07083333333333333
