31 0.2890625 0.8229166666666666 0.175 0.2708333333333333
24 0.4546875 0.85 0.18125 0.2375
12 0.63125 0.8427083333333333 0.171875 0.26458333333333334
10 0.79921875 0.840625 0.1609375 0.26875
17 0.296875 0.20833333333333334 0.140625 0.20833333333333334
50 0.41640625 0.2375 0.1046875 0.15
58 0.53046875 0.23958333333333334 0.1609375 0.15
55 0.66015625 0.240625 0.0703125 0.18541666666666667
50 0.75078125 0.26979166666666665 0.1078125 0.16458333333333333
29 0.3265625 0.440625 0.2125 0.28541666666666665
14 0.459375 0.5447916666666667 0.190625 0.29375
25 0.64765625 0.4635416666666667 0.1921875 0.3104166666666667
28 0.77109375 0.55625 0.2171875 0.2833333333333333
