28 0.07890625 0.2552083333333333 0.0703125 0.11458333333333333
10 0.146875 0.25416666666666665 0.0625 0.12083333333333333
22 0.21484375 0.25625 0.0828125 0.13333333333333333
28 0.2828125 0.25833333333333336 0.0625 0.12916666666666668
30 0.34921875 0.2677083333333333 0.0734375 0.13958333333333334
23 0.4203125 0.25833333333333336 0.06875 0.13333333333333333
16 0.48671875 0.2552083333333333 0.0765625 0.13958333333333334
21 0.45 0.403125 0.040625 0.09791666666666667
18 0.4796875 0.40208333333333335 0.025 0.1
15 0.5078125 0.4041666666666667 0.025 0.1
14 0.540625 0.40208333333333335 0.0375 0.09166666666666666
18 0.59140625 0.40208333333333335 0.0234375 0.09583333333333334
23 0.62109375 0.39791666666666664 0.0390625 0.10833333333333334
28 0.65390625 0.40208333333333335 0.0296875 0.1
30 0.6875 0.4125 0.040625 0.10416666666666667
27 0.7265625 0.409375 0.034375 0.09375
10 0.7609375 0.40729166666666666 0.034375 0.10625
23 0.79921875 0.409375 0.0390625 0.09791666666666667
12 0.834375 0.41354166666666664 0.034375 0.10625
14 0.86875 0.41041666666666665 0.0375 0.09583333333333334
