13 0.334375 0.41875 0.075 0.10416666666666667
30 0.40625 0.40208333333333335 0.065625 0.10833333333333334
23 0.4765625 0.403125 0.075 0.12291666666666666
20 0.5484375 0.3875 0.06875 0.1
18 0.6015625 0.390625 0.040625 0.10625
23 0.66015625 0.3770833333333333 0.0796875 0.11666666666666667
13 0.32890625 0.5291666666666667 0.0765625 0.10416666666666667
24 0.4046875 0.5208333333333334 0.075 0.1
23 0.4765625 0.5135416666666667 0.06875 0.11458333333333333
30 0.54921875 0.5010416666666667 0.0765625 0.13125
18 0.61640625 0.4979166666666667 0.0515625 0.1125
28 0.68515625 0.4875 0.0796875 0.10416666666666667
