29 0.08828125 0.8427083333333333 0.0359375 0.09375
40 0.12109375 0.8552083333333333 0.0203125 0.06875
38 0.14375 0.8416666666666667 0.025 0.07916666666666666
43 0.1703125 0.8385416666666666 0.03125 0.10208333333333333
49 0.19921875 0.8458333333333333 0.0265625 0.075
50 0.2265625 0.8395833333333333 0.025 0.07083333333333333
47 0.24375 0.8375 0.015625 0.1
50 0.26171875 0.840625 0.0265625 0.08125
42 0.28984375 0.840625 0.0328125 0.08125
60 0.32109375 0.8375 0.0265625 0.07916666666666666
14 0.375 0.815625 0.028125 0.08541666666666667
59 0.39921875 0.828125 0.0203125 0.08125
36 0.4234375 0.8239583333333333 0.025 0.06458333333333334
48 0.4578125 0.825 0.04375 0.07083333333333333
44 0.484375 0.8104166666666667 0.0125 0.09166666666666666
49 0.5046875 0.8166666666666667 0.028125 0.06666666666666667
36 0.53515625 0.8125 0.0296875 0.075
55 0.55859375 0.8 0.0109375 0.08333333333333333
44 0.571875 0.8 0.009375 0.0875
50 0.5921875 0.8052083333333333 0.025 0.06875
49 0.62265625 0.8135416666666667 0.0328125 0.07708333333333334
12 0.67890625 0.7947916666666667 0.0421875 0.08541666666666667
50 0.71796875 0.7989583333333333 0.0328125 0.07708333333333334
48 0.753125 0.7958333333333333 0.0375 0.08333333333333333
51 0.78984375 0.8041666666666667 0.0359375 0.10416666666666667
56 0.82109375 0.7875 0.0296875 0.08333333333333333
55 0.84375 0.7822916666666667 0.015625 0.08541666666666667
40 0.865625 0.7895833333333333 0.028125 0.075
53 0.89140625 0.7833333333333333 0.0234375 0.07916666666666666
