28 0.18984375 0.32708333333333334 0.0296875 0.1
55 0.2125 0.3302083333333333 0.015625 0.10208333333333333
56 0.2375 0.33645833333333336 0.03125 0.09375
39 0.27265625 0.3302083333333333 0.0359375 0.11875
40 0.3046875 0.3385416666666667 0.025 0.08541666666666667
49 0.3328125 0.33645833333333336 0.03125 0.08958333333333333
55 0.35859375 0.3385416666666667 0.0171875 0.09375
54 0.378125 0.3375 0.01875 0.09166666666666666
24 0.421875 0.3333333333333333 0.05 0.10833333333333334
49 0.46328125 0.3416666666666667 0.0296875 0.0875
47 0.48671875 0.33541666666666664 0.0171875 0.08333333333333333
60 0.51484375 0.34270833333333334 0.0421875 0.08958333333333333
