2 0.1375 0.7927083333333333 0.046875 0.11875
15 0.184375 0.79375 0.046875 0.1
29 0.2703125 0.796875 0.0375 0.08958333333333333
4 0.32421875 0.7895833333333333 0.0359375 0.075
8 0.35703125 0.7854166666666667 0.0296875 0.07083333333333333
6 0.3890625 0.790625 0.03125 0.07708333333333334
3 0.45546875 0.7739583333333333 0.0296875 0.07291666666666667
1 0.4828125 0.771875 0.028125 0.07708333333333334
7 0.50859375 0.7677083333333333 0.0296875 0.07708333333333334
6 0.5421875 0.7635416666666667 0.0375 0.07708333333333334
