17 0.21953125 0.6510416666666666 0.0765625 0.13125
50 0.2875 0.6677083333333333 0.059375 0.08958333333333333
58 0.36640625 0.671875 0.1015625 0.09791666666666667
55 0.44453125 0.659375 0.0515625 0.11458333333333333
50 0.50234375 0.665625 0.0609375 0.10625
12 0.584375 0.6458333333333334 0.08125 0.14166666666666666
53 0.64296875 0.653125 0.0328125 0.12291666666666666
40 0.68984375 0.6552083333333333 0.0546875 0.11458333333333333
36 0.7421875 0.6614583333333334 0.05 0.13125
55 0.78984375 0.6572916666666667 0.0390625 0.12708333333333333
40 0.8375 0.6583333333333333 0.05625 0.10833333333333334
17 0.23984375 0.41354166666666664 0.2078125 0.29375
2 0.4078125 0.45208333333333334 0.11875 0.20416666666666666
12 0.5671875 0.38229166666666664 0.203125 0.31875
