29 0.36328125 0.634375 0.0296875 0.05625
14 0.38828125 0.6239583333333333 0.0171875 0.04791666666666667
21 0.40546875 0.6208333333333333 0.0171875 0.05416666666666667
4 0.4296875 0.6166666666666667 0.028125 0.05
8 0.4546875 0.609375 0.01875 0.052083333333333336
4 0.475 0.6083333333333333 0.021875 0.05416666666666667
1 0.50625 0.60625 0.028125 0.05416666666666667
1 0.53046875 0.603125 0.0234375 0.04375
5 0.55078125 0.596875 0.0171875 0.06041666666666667
1 0.5671875 0.590625 0.015625 0.07708333333333334
