29 0.3921875 0.6791666666666667 0.01875 0.08333333333333333
14 0.409375 0.678125 0.015625 0.08958333333333333
21 0.42421875 0.6729166666666667 0.0171875 0.07916666666666666
8 0.453125 0.671875 0.028125 0.06875
6 0.47734375 0.6739583333333333 0.0234375 0.08541666666666667
2 0.50234375 0.66875 0.0234375 0.08333333333333333
7 0.53828125 0.671875 0.0203125 0.07708333333333334
4 0.55859375 0.6645833333333333 0.0296875 0.075
7 0.58359375 0.665625 0.0234375 0.08125
5 0.60546875 0.6635416666666667 0.0328125 0.06041666666666667
15 0.646875 0.6677083333333333 0.028125 0.06458333333333334
10 0.66796875 0.6677083333333333 0.0171875 0.06041666666666667
33 0.6875 0.6645833333333333 0.021875 0.0625
8 0.715625 0.6645833333333333 0.028125 0.07083333333333333
6 0.7390625 0.659375 0.028125 0.08125
2 0.76640625 0.6645833333333333 0.0265625 0.058333333333333334
2 0.80546875 0.6708333333333333 0.0265625 0.075
9 0.83125 0.6645833333333333 0.01875 0.07083333333333333
3 0.85390625 0.665625 0.0265625 0.06875
3 0.878125 0.6677083333333333 0.025 0.07708333333333334
