60 0.35234375 0.4166666666666667 0.1609375 0.22916666666666666
29 0.3875 0.5854166666666667 0.04375 0.07916666666666666
14 0.434375 0.5875 0.0375 0.075
21 0.4765625 0.5854166666666667 0.03125 0.06666666666666667
8 0.5140625 0.5895833333333333 0.028125 0.075
2 0.5390625 0.590625 0.028125 0.06041666666666667
3 0.565625 0.5864583333333333 0.025 0.07708333333333334
6 0.6046875 0.59375 0.028125 0.06666666666666667
5 0.63046875 0.5916666666666667 0.0234375 0.058333333333333334
1 0.6515625 0.5927083333333333 0.015625 0.06875
6 0.6765625 0.5947916666666667 0.0375 0.07291666666666667
