28 0.4359375 0.775 0.03125 0.08333333333333333
55 0.459375 0.7697916666666667 0.015625 0.08125
56 0.48125 0.7770833333333333 0.028125 0.06666666666666667
39 0.51171875 0.76875 0.0328125 0.08333333333333333
60 0.54140625 0.7791666666666667 0.0328125 0.09166666666666666
15 0.58359375 0.7708333333333334 0.0328125 0.08333333333333333
50 0.61484375 0.7729166666666667 0.0296875 0.08333333333333333
53 0.640625 0.7729166666666667 0.021875 0.07916666666666666
40 0.6640625 0.76875 0.034375 0.06666666666666667
44 0.68671875 0.7635416666666667 0.0203125 0.08541666666666667
42 0.71171875 0.7697916666666667 0.0328125 0.08541666666666667
49 0.74609375 0.7604166666666666 0.0421875 0.06666666666666667
