11 0.24140625 0.1875 0.0640625 0.08333333333333333
14 0.3171875 0.19479166666666667 0.0625 0.09375
10 0.39921875 0.196875 0.0640625 0.08125
30 0.48359375 0.19479166666666667 0.0578125 0.07708333333333334
29 0.559375 0.19791666666666666 0.053125 0.0875
34 0.64453125 0.2 0.0578125 0.07083333333333333
12 0.16328125 0.30625 0.1390625 0.175
27 0.2921875 0.3125 0.1125 0.15833333333333333
14 0.40625 0.3177083333333333 0.125 0.16041666666666668
13 0.52578125 0.31666666666666665 0.1140625 0.15
18 0.60546875 0.3260416666666667 0.0421875 0.15625
29 0.68984375 0.31979166666666664 0.1265625 0.14791666666666667
