17 0.1 0.49166666666666664 0.0375 0.07916666666666666
50 0.128125 0.5041666666666667 0.025 0.058333333333333334
58 0.159375 0.5041666666666667 0.0375 0.06666666666666667
55 0.1875 0.5125 0.015625 0.08333333333333333
50 0.209375 0.5135416666666667 0.025 0.06458333333333334
12 0.23515625 0.521875 0.0296875 0.08958333333333333
53 0.2578125 0.5302083333333333 0.01875 0.05625
40 0.2734375 0.5354166666666667 0.01875 0.06666666666666667
36 0.29375 0.5354166666666667 0.01875 0.06666666666666667
55 0.3109375 0.540625 0.0125 0.07708333333333334
40 0.328125 0.5458333333333333 0.021875 0.05416666666666667
17 0.1234375 0.4125 0.059375 0.09583333333333334
2 0.1640625 0.43125 0.03125 0.07916666666666666
12 0.20703125 0.4322916666666667 0.0484375 0.09791666666666667
