42 0.65546875 0.44166666666666665 0.1140625 0.12916666666666668
54 0.21953125 0.5052083333333334 0.0671875 0.11041666666666666
50 0.28984375 0.490625 0.0796875 0.09791666666666667
48 0.3875 0.478125 0.11875 0.07708333333333334
36 0.4859375 0.46041666666666664 0.071875 0.0875
49 0.56015625 0.4625 0.0828125 0.09583333333333334
29 0.19140625 0.653125 0.0421875 0.07291666666666667
40 0.23046875 0.6541666666666667 0.0421875 0.05416666666666667
47 0.2625 0.64375 0.021875 0.0875
8 0.3234375 0.6385416666666667 0.040625 0.08958333333333333
6 0.365625 0.6291666666666667 0.046875 0.075
3 0.40859375 0.6197916666666666 0.0421875 0.07708333333333334
7 0.4921875 0.6145833333333334 0.040625 0.07916666666666666
4 0.53515625 0.6041666666666666 0.0421875 0.075
7 0.57265625 0.6 0.0328125 0.07916666666666666
4 0.61015625 0.5989583333333334 0.0390625 0.08125
