11 0.43125 0.5802083333333333 0.046875 0.08541666666666667
10 0.46640625 0.5770833333333333 0.0328125 0.09166666666666666
21 0.4984375 0.5854166666666667 0.03125 0.08333333333333333
21 0.52890625 0.5895833333333333 0.0265625 0.0875
14 0.55859375 0.5864583333333333 0.0359375 0.07708333333333334
27 0.59140625 0.590625 0.0359375 0.06458333333333334
18 0.61953125 0.5833333333333334 0.0203125 0.07916666666666666
10 0.64609375 0.5822916666666667 0.0390625 0.08125
15 0.69453125 0.5885416666666666 0.0421875 0.08958333333333333
21 0.7296875 0.5875 0.028125 0.07083333333333333
10 0.76171875 0.5875 0.0359375 0.0625
29 0.79921875 0.59375 0.0390625 0.07083333333333333
28 0.840625 0.5854166666666667 0.053125 0.08333333333333333
24 0.88828125 0.5885416666666666 0.0421875 0.07291666666666667
21 0.92578125 0.5947916666666667 0.0328125 0.08541666666666667
14 0.96328125 0.590625 0.0359375 0.09375
58 0.55546875 0.6572916666666667 0.0328125 0.06458333333333334
58 0.5890625 0.6572916666666667 0.034375 0.06041666666666667
58 0.61953125 0.6572916666666667 0.0265625 0.06458333333333334
37 0.65234375 0.659375 0.0203125 0.06041666666666667
41 0.66953125 0.65625 0.0203125 0.0625
54 0.69140625 0.6625 0.0171875 0.05
50 0.70859375 0.6604166666666667 0.0171875 0.05
47 0.72265625 0.6604166666666667 0.0109375 0.0625
40 0.7375 0.6635416666666667 0.01875 0.06041666666666667
38 0.7640625 0.665625 0.025 0.052083333333333336
50 0.7875 0.6635416666666667 0.021875 0.06458333333333334
48 0.81875 0.66875 0.0375 0.06666666666666667
