28 0.35390625 0.05520833333333333 0.0515625 0.07291666666666667
44 0.3890625 0.05625 0.01875 0.075
49 0.41328125 0.059375 0.0265625 0.06041666666666667
38 0.44140625 0.06145833333333333 0.0265625 0.05625
40 0.4703125 0.06145833333333333 0.03125 0.05625
2 0.53203125 0.053125 0.0234375 0.06875
0 0.56015625 0.053125 0.0296875 0.06875
0 0.59453125 0.058333333333333334 0.0390625 0.07083333333333333
4 0.27734375 0.953125 0.0734375 0.08125
8 0.340625 0.953125 0.053125 0.07708333333333334
7 0.39609375 0.9520833333333333 0.0515625 0.07916666666666666
8 0.5046875 0.95625 0.05625 0.075
9 0.5609375 0.95625 0.05625 0.075
4 0.61328125 0.953125 0.0484375 0.08541666666666667
7 0.6703125 0.95625 0.065625 0.075
