22 0.37578125 0.45416666666666666 0.0515625 0.07916666666666666
44 0.409375 0.4583333333333333 0.01875 0.0875
49 0.43515625 0.4583333333333333 0.0328125 0.06666666666666667
54 0.4640625 0.46041666666666664 0.025 0.0625
50 0.49296875 0.4583333333333333 0.0328125 0.05416666666666667
46 0.528125 0.45729166666666665 0.0375 0.06458333333333334
50 0.5609375 0.45416666666666666 0.03125 0.06666666666666667
53 0.58671875 0.45416666666666666 0.0171875 0.075
44 0.60234375 0.4510416666666667 0.0203125 0.06875
32 0.340625 0.34479166666666666 0.05625 0.08958333333333333
50 0.3859375 0.35 0.03125 0.06666666666666667
50 0.41875 0.35 0.034375 0.0625
39 0.45546875 0.3489583333333333 0.0359375 0.08125
40 0.4890625 0.353125 0.03125 0.07291666666666667
49 0.52578125 0.35 0.0390625 0.0625
13 0.58046875 0.340625 0.0484375 0.07708333333333334
56 0.62265625 0.35520833333333335 0.0390625 0.06041666666666667
38 0.65703125 0.34479166666666666 0.0265625 0.06041666666666667
46 0.68828125 0.33958333333333335 0.0359375 0.06666666666666667
