29 0.42578125 0.565625 0.0359375 0.07708333333333334
8 0.46015625 0.5645833333333333 0.0328125 0.075
6 0.48984375 0.565625 0.0265625 0.08958333333333333
7 0.51328125 0.5635416666666667 0.0203125 0.09375
7 0.559375 0.5677083333333334 0.03125 0.08541666666666667
7 0.58671875 0.5635416666666667 0.0265625 0.08125
7 0.61015625 0.565625 0.0203125 0.09791666666666667
6 0.63515625 0.5645833333333333 0.0359375 0.09583333333333334
15 0.34921875 0.36770833333333336 0.0859375 0.10625
27 0.4265625 0.365625 0.071875 0.10625
18 0.4796875 0.36354166666666665 0.0375 0.10625
33 0.53359375 0.365625 0.0765625 0.09375
10 0.5890625 0.3697916666666667 0.06875 0.08541666666666667
