21 0.17109375 0.26458333333333334 0.0984375 0.22083333333333333
30 0.2734375 0.2625 0.1125 0.2375
28 0.3828125 0.259375 0.109375 0.23541666666666666
28 0.4890625 0.25729166666666664 0.1125 0.24791666666666667
24 0.60703125 0.2635416666666667 0.1203125 0.22291666666666668
28 0.7203125 0.259375 0.1125 0.23541666666666666
24 0.8390625 0.2604166666666667 0.13125 0.22916666666666666
21 0.0171875 0.5010416666666667 0.03125 0.07291666666666667
30 0.05 0.496875 0.0375 0.07291666666666667
28 0.078125 0.49583333333333335 0.03125 0.075
28 0.1078125 0.4979166666666667 0.03125 0.07083333333333333
24 0.1421875 0.4979166666666667 0.0375 0.07083333333333333
28 0.17421875 0.5052083333333334 0.0328125 0.06875
24 0.20625 0.4979166666666667 0.03125 0.06666666666666667
12 0.2546875 0.49895833333333334 0.046875 0.07291666666666667
24 0.29296875 0.5010416666666667 0.0296875 0.06041666666666667
22 0.33125 0.5083333333333333 0.04375 0.06666666666666667
4 0.8875 0.5052083333333334 0.028125 0.052083333333333336
8 0.915625 0.503125 0.028125 0.06041666666666667
8 0.94609375 0.5052083333333334 0.0328125 0.06041666666666667
