29 0.2203125 0.6791666666666667 0.0375 0.10833333333333334
14 0.25 0.6770833333333334 0.034375 0.10833333333333334
27 0.2828125 0.678125 0.034375 0.11458333333333333
10 0.31875 0.6770833333333334 0.0375 0.1
27 0.35703125 0.6802083333333333 0.0359375 0.11458333333333333
24 0.39453125 0.678125 0.0421875 0.11041666666666666
28 0.4328125 0.6802083333333333 0.034375 0.11458333333333333
10 0.46875 0.684375 0.046875 0.10625
12 0.5375 0.6791666666666667 0.046875 0.10833333333333334
24 0.5828125 0.6760416666666667 0.046875 0.10208333333333333
15 0.62578125 0.6760416666666667 0.0515625 0.11041666666666666
15 0.66953125 0.6760416666666667 0.0421875 0.11041666666666666
14 0.7125 0.6770833333333334 0.04375 0.11666666666666667
14 0.76015625 0.6822916666666666 0.0484375 0.12291666666666666
