29 0.2484375 0.80625 0.09375 0.17083333333333334
40 0.31328125 0.8395833333333333 0.0640625 0.1125
38 0.3703125 0.834375 0.05625 0.11875
43 0.4328125 0.8270833333333333 0.06875 0.1625
49 0.5015625 0.8354166666666667 0.0625 0.12083333333333333
50 0.56875 0.8354166666666667 0.065625 0.10833333333333334
47 0.61796875 0.821875 0.0453125 0.15625
50 0.67109375 0.8375 0.0609375 0.1125
42 0.7390625 0.8666666666666667 0.06875 0.17083333333333334
60 0.80390625 0.8645833333333334 0.0640625 0.1625
29 0.43828125 0.37916666666666665 0.1421875 0.18333333333333332
6 0.5734375 0.38125 0.134375 0.19166666666666668
