29 0.1203125 0.5239583333333333 0.06875 0.10208333333333333
58 0.18046875 0.534375 0.0515625 0.07708333333333334
40 0.22421875 0.5291666666666667 0.0421875 0.075
49 0.26953125 0.525 0.0484375 0.07916666666666666
55 0.309375 0.5208333333333334 0.03125 0.075
60 0.34375 0.53125 0.0375 0.1
12 0.41484375 0.521875 0.0609375 0.07291666666666667
50 0.46484375 0.5260416666666666 0.0421875 0.06041666666666667
44 0.4953125 0.5197916666666667 0.015625 0.07291666666666667
50 0.52578125 0.5239583333333333 0.0390625 0.06458333333333334
53 0.565625 0.5239583333333333 0.03125 0.06875
13 0.63671875 0.51875 0.0734375 0.0875
40 0.6921875 0.5145833333333333 0.040625 0.06666666666666667
54 0.72734375 0.5125 0.0296875 0.07083333333333333
44 0.753125 0.5072916666666667 0.021875 0.07708333333333334
42 0.7859375 0.5291666666666667 0.04375 0.1
49 0.840625 0.509375 0.059375 0.06458333333333334
10 0.30703125 0.41458333333333336 0.0921875 0.10416666666666667
53 0.37265625 0.428125 0.0390625 0.07291666666666667
55 0.4078125 0.4270833333333333 0.03125 0.075
23 0.51171875 0.421875 0.0890625 0.10208333333333333
36 0.58046875 0.4239583333333333 0.0453125 0.07708333333333334
44 0.61953125 0.41458333333333336 0.0359375 0.09583333333333334
47 0.6546875 0.41041666666666665 0.0375 0.09166666666666666
