2 0.08203125 0.21666666666666667 0.0421875 0.075
4 0.1234375 0.22395833333333334 0.04375 0.08125
29 0.09609375 0.5635416666666667 0.0453125 0.08125
4 0.1609375 0.565625 0.046875 0.08125
8 0.20390625 0.56875 0.0390625 0.07916666666666666
9 0.24453125 0.5760416666666667 0.0421875 0.08125
7 0.31953125 0.5697916666666667 0.0421875 0.07291666666666667
8 0.3578125 0.5770833333333333 0.03125 0.07916666666666666
7 0.39296875 0.5760416666666667 0.0359375 0.07708333333333334
0 0.4296875 0.5791666666666667 0.04375 0.07916666666666666
17 0.53984375 0.584375 0.0421875 0.07708333333333334
0 0.5984375 0.5864583333333333 0.0375 0.07708333333333334
1 0.62890625 0.5885416666666666 0.0203125 0.08125
1 0.653125 0.584375 0.03125 0.07291666666666667
9 0.71171875 0.5895833333333333 0.0359375 0.08333333333333333
8 0.746875 0.5927083333333333 0.034375 0.08125
0 0.7796875 0.590625 0.025 0.08541666666666667
4 0.809375 0.5989583333333334 0.028125 0.07708333333333334
7 0.86015625 0.59375 0.0265625 0.07083333333333333
8 0.8875 0.59375 0.03125 0.075
7 0.9140625 0.6 0.01875 0.07083333333333333
0 0.9375 0.5979166666666667 0.03125 0.075
