27 0.234375 0.5552083333333333 0.103125 0.16041666666666668
14 0.32265625 0.5552083333333333 0.0859375 0.16875
25 0.40703125 0.5583333333333333 0.0828125 0.175
30 0.496875 0.5583333333333333 0.09375 0.17083333333333334
11 0.58984375 0.5572916666666666 0.0859375 0.16875
21 0.67109375 0.553125 0.0765625 0.15625
18 0.72578125 0.5489583333333333 0.0296875 0.16041666666666668
12 0.7921875 0.559375 0.1 0.17708333333333334
23 0.28359375 0.33645833333333336 0.1171875 0.18541666666666667
10 0.38984375 0.334375 0.0984375 0.18125
29 0.46640625 0.34375 0.0953125 0.1625
30 0.56171875 0.340625 0.0953125 0.15625
27 0.653125 0.340625 0.09375 0.16875
14 0.7390625 0.3375 0.084375 0.16666666666666666
