12 0.103125 0.9083333333333333 0.053125 0.07916666666666666
36 0.1421875 0.9125 0.028125 0.0625
55 0.1640625 0.9145833333333333 0.01875 0.07916666666666666
36 0.18828125 0.9145833333333333 0.0265625 0.06666666666666667
47 0.2109375 0.9114583333333334 0.015625 0.07291666666666667
50 0.23359375 0.9145833333333333 0.0296875 0.0625
42 0.26328125 0.91875 0.0234375 0.075
44 0.28125 0.9145833333333333 0.0125 0.06666666666666667
49 0.30390625 0.9197916666666667 0.0296875 0.05625
42 0.334375 0.9291666666666667 0.028125 0.07083333333333333
25 0.41171875 0.9072916666666667 0.0390625 0.08125
40 0.44609375 0.9177083333333333 0.0296875 0.05625
53 0.4703125 0.9197916666666667 0.021875 0.06041666666666667
44 0.4890625 0.9145833333333333 0.015625 0.06666666666666667
50 0.5125 0.9145833333333333 0.03125 0.06666666666666667
39 0.54140625 0.9135416666666667 0.0296875 0.06875
44 0.56484375 0.9114583333333334 0.0140625 0.07708333333333334
38 0.5859375 0.9177083333333333 0.025 0.06041666666666667
36 0.6125 0.921875 0.025 0.07291666666666667
47 0.63203125 0.9177083333333333 0.0140625 0.07291666666666667
54 0.6515625 0.9229166666666667 0.021875 0.06666666666666667
18 0.71953125 0.9135416666666667 0.0203125 0.06458333333333334
49 0.74375 0.9260416666666667 0.028125 0.05625
54 0.77109375 0.9270833333333334 0.0234375 0.06666666666666667
51 0.796875 0.9291666666666667 0.03125 0.07083333333333333
40 0.8265625 0.91875 0.025 0.06666666666666667
38 0.8546875 0.925 0.025 0.0625
55 0.87734375 0.9208333333333333 0.0140625 0.07083333333333333
44 0.89375 0.915625 0.015625 0.07291666666666667
50 0.9171875 0.9291666666666667 0.028125 0.07083333333333333
49 0.9484375 0.928125 0.03125 0.06041666666666667
