27 0.2609375 0.621875 0.053125 0.09375
24 0.31015625 0.61875 0.0484375 0.09583333333333334
24 0.3578125 0.61875 0.05 0.0875
22 0.40859375 0.6177083333333333 0.0515625 0.10625
17 0.475 0.621875 0.053125 0.09375
24 0.52265625 0.6166666666666667 0.0484375 0.09166666666666666
15 0.57109375 0.61875 0.0359375 0.10416666666666667
28 0.62421875 0.6260416666666667 0.0453125 0.09791666666666667
24 0.6734375 0.6229166666666667 0.05 0.0875
19 0.71484375 0.621875 0.0359375 0.09375
30 0.75859375 0.6208333333333333 0.0515625 0.09166666666666666
20 0.21484375 0.4395833333333333 0.0953125 0.15833333333333333
20 0.31015625 0.4375 0.0984375 0.15416666666666667
30 0.39921875 0.43854166666666666 0.0796875 0.17708333333333334
23 0.48671875 0.43333333333333335 0.0984375 0.18333333333333332
23 0.58046875 0.4322916666666667 0.0921875 0.18125
24 0.67421875 0.428125 0.0984375 0.18958333333333333
27 0.7671875 0.42291666666666666 0.08125 0.19583333333333333
18 0.83203125 0.415625 0.0515625 0.17708333333333334
