48 0.10703125 0.38645833333333335 0.0515625 0.09791666666666667
36 0.1484375 0.3770833333333333 0.0375 0.0875
46 0.18125 0.38333333333333336 0.03125 0.10833333333333334
40 0.21640625 0.390625 0.0421875 0.08958333333333333
36 0.2625 0.3875 0.04375 0.08333333333333333
38 0.31171875 0.38958333333333334 0.0359375 0.075
50 0.34375 0.38645833333333335 0.034375 0.07291666666666667
48 0.3796875 0.38333333333333336 0.0375 0.07916666666666666
51 0.415625 0.39479166666666665 0.034375 0.08125
36 0.45 0.3875 0.03125 0.075
49 0.48125 0.38333333333333336 0.03125 0.07916666666666666
50 0.5140625 0.390625 0.034375 0.06458333333333334
49 0.5484375 0.3927083333333333 0.034375 0.06458333333333334
50 0.59921875 0.39791666666666664 0.0265625 0.07083333333333333
41 0.63203125 0.38645833333333335 0.0328125 0.08958333333333333
