12 0.14140625 0.30833333333333335 0.1140625 0.15
36 0.24140625 0.334375 0.0796875 0.10625
31 0.35859375 0.32916666666666666 0.0734375 0.09166666666666666
36 0.43515625 0.3416666666666667 0.0765625 0.1125
37 0.5484375 0.32395833333333335 0.078125 0.12708333333333333
44 0.60625 0.32916666666666666 0.046875 0.14166666666666666
40 0.6609375 0.34270833333333334 0.059375 0.10625
49 0.72421875 0.34375 0.0734375 0.1125
18 0.240625 0.19791666666666666 0.03125 0.0875
49 0.271875 0.20104166666666667 0.03125 0.06458333333333334
54 0.29765625 0.203125 0.0203125 0.07291666666666667
44 0.31953125 0.19895833333333332 0.0171875 0.07708333333333334
39 0.34375 0.19895833333333332 0.028125 0.08541666666666667
40 0.3734375 0.20520833333333333 0.028125 0.07291666666666667
12 0.41875 0.203125 0.040625 0.08541666666666667
50 0.45390625 0.2125 0.0234375 0.0625
54 0.47578125 0.2125 0.0265625 0.06666666666666667
48 0.5125 0.21458333333333332 0.04375 0.058333333333333334
40 0.54609375 0.21979166666666666 0.0171875 0.06458333333333334
55 0.565625 0.21458333333333332 0.015625 0.075
44 0.58125 0.209375 0.015625 0.08125
38 0.60078125 0.21458333333333332 0.0203125 0.075
54 0.625 0.22291666666666668 0.028125 0.0625
4 0.775 0.5052083333333334 0.028125 0.052083333333333336
7 0.8015625 0.5041666666666667 0.025 0.058333333333333334
2 0.8265625 0.503125 0.021875 0.06041666666666667
5 0.8703125 0.49895833333333334 0.028125 0.06875
5 0.8953125 0.5010416666666667 0.01875 0.06458333333333334
0 0.91484375 0.5020833333333333 0.0203125 0.0625
7 0.9421875 0.503125 0.025 0.06875
