11 0.3421875 0.459375 0.059375 0.10625
50 0.3921875 0.46979166666666666 0.04375 0.07291666666666667
46 0.4375 0.459375 0.05 0.08125
45 0.4703125 0.4666666666666667 0.025 0.125
56 0.503125 0.459375 0.046875 0.07708333333333334
48 0.55703125 0.459375 0.0578125 0.07291666666666667
40 0.60703125 0.45729166666666665 0.0484375 0.06458333333333334
50 0.6546875 0.4552083333333333 0.040625 0.06458333333333334
49 0.69765625 0.45208333333333334 0.0421875 0.058333333333333334
44 0.73046875 0.4395833333333333 0.0265625 0.09166666666666666
