11 0.08828125 0.321875 0.1109375 0.21458333333333332
14 0.18671875 0.3104166666666667 0.0890625 0.1875
10 0.2859375 0.3125 0.109375 0.20416666666666666
30 0.39140625 0.3177083333333333 0.1078125 0.21875
29 0.49453125 0.30520833333333336 0.0953125 0.20208333333333334
18 0.57421875 0.3 0.0640625 0.18333333333333332
25 0.65 0.3104166666666667 0.109375 0.22083333333333333
21 0.75 0.30520833333333336 0.078125 0.16458333333333333
14 0.83359375 0.3125 0.0953125 0.18333333333333332
33 0.9328125 0.3145833333333333 0.10625 0.1875
