32 0.25390625 0.44166666666666665 0.0953125 0.16666666666666666
50 0.32421875 0.47604166666666664 0.0390625 0.11041666666666666
49 0.36640625 0.471875 0.0453125 0.11875
38 0.41015625 0.46875 0.0453125 0.125
43 0.4546875 0.4583333333333333 0.040625 0.14166666666666666
50 0.49921875 0.4739583333333333 0.0421875 0.12708333333333333
49 0.54140625 0.4739583333333333 0.0515625 0.13125
39 0.63203125 0.45729166666666665 0.0515625 0.15208333333333332
50 0.6828125 0.471875 0.04375 0.11458333333333333
49 0.72890625 0.46770833333333334 0.0421875 0.12291666666666666
42 0.778125 0.4864583333333333 0.05625 0.17291666666666666
