28 0.12734375 0.7416666666666667 0.1328125 0.20416666666666666
28 0.2578125 0.7239583333333334 0.13125 0.20208333333333334
24 0.4296875 0.6895833333333333 0.14375 0.20833333333333334
56 0.55859375 0.6895833333333333 0.1234375 0.19166666666666668
55 0.6578125 0.6677083333333333 0.071875 0.18958333333333333
47 0.73125 0.646875 0.06875 0.23958333333333334
40 0.8265625 0.6447916666666667 0.128125 0.18125
55 0.93515625 0.6177083333333333 0.0734375 0.21458333333333332
29 0.3390625 0.884375 0.04375 0.07291666666666667
14 0.3734375 0.8875 0.021875 0.075
21 0.39609375 0.8854166666666666 0.0234375 0.058333333333333334
4 0.4421875 0.871875 0.034375 0.06875
8 0.4703125 0.8666666666666667 0.01875 0.0625
9 0.4953125 0.865625 0.03125 0.07291666666666667
8 0.54296875 0.8552083333333333 0.0296875 0.06458333333333334
6 0.56796875 0.85625 0.0234375 0.07916666666666666
4 0.5921875 0.846875 0.021875 0.06875
5 0.61953125 0.8458333333333333 0.0328125 0.07916666666666666
