32 0.3875 0.7947916666666667 0.05625 0.07708333333333334
10 0.4296875 0.796875 0.028125 0.07708333333333334
29 0.45703125 0.8010416666666667 0.0265625 0.06458333333333334
12 0.4875 0.80625 0.028125 0.06666666666666667
17 0.51875 0.803125 0.0375 0.07291666666666667
24 0.5703125 0.8041666666666667 0.040625 0.058333333333333334
30 0.60546875 0.803125 0.0328125 0.06041666666666667
29 0.64140625 0.8052083333333333 0.0359375 0.07708333333333334
32 0.384375 0.8677083333333333 0.05625 0.06875
14 0.42734375 0.871875 0.0328125 0.08541666666666667
29 0.4609375 0.8677083333333333 0.034375 0.05625
15 0.496875 0.8666666666666667 0.034375 0.0625
21 0.52890625 0.875 0.0296875 0.07083333333333333
24 0.5609375 0.871875 0.03125 0.06875
24 0.5953125 0.871875 0.0375 0.07708333333333334
27 0.63515625 0.8802083333333334 0.0359375 0.08125
