11 0.03671875 0.478125 0.0703125 0.11875
53 0.09609375 0.48125 0.0515625 0.11666666666666667
50 0.14921875 0.46770833333333334 0.0515625 0.09791666666666667
58 0.21796875 0.46875 0.0765625 0.10416666666666667
49 0.28984375 0.46979166666666666 0.0671875 0.10625
28 0.36484375 0.44895833333333335 0.0734375 0.11875
56 0.4328125 0.45729166666666665 0.065625 0.10208333333333333
42 0.49375 0.4635416666666667 0.0625 0.12291666666666666
36 0.553125 0.45 0.059375 0.1125
53 0.6078125 0.45208333333333334 0.05 0.10833333333333334
12 0.6796875 0.43645833333333334 0.075 0.12291666666666666
50 0.74609375 0.44583333333333336 0.0578125 0.1
41 0.80390625 0.428125 0.0484375 0.13125
41 0.85625 0.421875 0.059375 0.13541666666666666
40 0.91484375 0.4322916666666667 0.0640625 0.12291666666666666
40 0.97265625 0.43020833333333336 0.0484375 0.11041666666666666
