25 0.15859375 0.778125 0.0734375 0.13125
43 0.21171875 0.7729166666666667 0.0390625 0.12083333333333333
44 0.23984375 0.7729166666666667 0.0234375 0.12916666666666668
47 0.26171875 0.7770833333333333 0.0203125 0.1375
50 0.2921875 0.7875 0.0375 0.0875
47 0.31875 0.7885416666666667 0.021875 0.11041666666666666
50 0.35078125 0.7916666666666666 0.0421875 0.08333333333333333
42 0.390625 0.8020833333333334 0.040625 0.1125
60 0.43671875 0.7916666666666666 0.0515625 0.09166666666666666
21 0.50390625 0.7833333333333333 0.0453125 0.10833333333333334
44 0.53515625 0.7802083333333333 0.0203125 0.10625
55 0.55859375 0.7791666666666667 0.0234375 0.1125
40 0.590625 0.790625 0.046875 0.07291666666666667
53 0.6265625 0.7916666666666666 0.03125 0.09166666666666666
36 0.66171875 0.7885416666666667 0.0359375 0.08958333333333333
55 0.69375 0.7760416666666666 0.034375 0.10208333333333333
56 0.728125 0.7895833333333333 0.034375 0.09583333333333334
53 0.759375 0.7833333333333333 0.025 0.08333333333333333
40 0.7984375 0.7822916666666667 0.053125 0.08125
