11 0.21015625 0.5958333333333333 0.0578125 0.17083333333333334
50 0.26171875 0.5989583333333334 0.0484375 0.12291666666666666
50 0.309375 0.6 0.05 0.11666666666666667
46 0.35859375 0.5947916666666667 0.0421875 0.13958333333333334
54 0.403125 0.6072916666666667 0.046875 0.11875
50 0.48515625 0.603125 0.0515625 0.11875
49 0.53671875 0.6020833333333333 0.0515625 0.12083333333333333
20 0.6203125 0.5947916666666667 0.065625 0.13958333333333334
50 0.67578125 0.6072916666666667 0.0453125 0.11041666666666666
53 0.715625 0.6083333333333333 0.04375 0.12083333333333333
40 0.7640625 0.6114583333333333 0.05 0.12291666666666666
36 0.81796875 0.6104166666666667 0.0609375 0.11666666666666667
