29 0.12578125 0.16041666666666668 0.0921875 0.15833333333333333
24 0.2140625 0.17604166666666668 0.090625 0.15625
25 0.2953125 0.171875 0.075 0.13958333333333334
18 0.3546875 0.171875 0.04375 0.15208333333333332
10 0.42265625 0.178125 0.0921875 0.14375
14 0.49921875 0.19479166666666667 0.0421875 0.09375
49 0.5390625 0.20833333333333334 0.0375 0.075
42 0.5765625 0.221875 0.034375 0.10208333333333333
47 0.60234375 0.21145833333333333 0.0234375 0.08541666666666667
44 0.62421875 0.20416666666666666 0.0203125 0.08333333333333333
54 0.65078125 0.21666666666666667 0.0328125 0.0625
43 0.684375 0.20729166666666668 0.04375 0.09375
35 0.7328125 0.21041666666666667 0.04375 0.0875
50 0.771875 0.21875 0.034375 0.07916666666666666
49 0.80703125 0.22291666666666668 0.0390625 0.06666666666666667
40 0.84453125 0.221875 0.0390625 0.08125
