23 0.2484375 0.35 0.078125 0.13333333333333333
36 0.31328125 0.35833333333333334 0.0515625 0.1
45 0.35 0.37083333333333335 0.021875 0.12916666666666668
40 0.384375 0.365625 0.04375 0.08541666666666667
50 0.43125 0.37083333333333335 0.053125 0.0875
49 0.484375 0.36875 0.05625 0.08333333333333333
12 0.56640625 0.3572916666666667 0.0703125 0.09791666666666667
43 0.628125 0.35520833333333335 0.05625 0.10208333333333333
44 0.66640625 0.35208333333333336 0.0140625 0.10833333333333334
47 0.6828125 0.3572916666666667 0.01875 0.11875
42 0.71953125 0.378125 0.0515625 0.12291666666666666
44 0.75625 0.3572916666666667 0.025 0.10208333333333333
