28 0.26015625 0.46458333333333335 0.0859375 0.16666666666666666
51 0.334375 0.4895833333333333 0.075 0.15416666666666667
40 0.4015625 0.484375 0.05625 0.11875
38 0.45546875 0.484375 0.0609375 0.11458333333333333
44 0.4984375 0.4791666666666667 0.01875 0.12083333333333333
36 0.5390625 0.4864583333333333 0.065625 0.10625
47 0.5859375 0.48020833333333335 0.028125 0.12708333333333333
21 0.66484375 0.4791666666666667 0.0609375 0.13333333333333333
56 0.72265625 0.49166666666666664 0.0578125 0.10416666666666667
49 0.78203125 0.4875 0.0609375 0.11666666666666667
38 0.84140625 0.48541666666666666 0.0546875 0.10833333333333334
43 0.89921875 0.48541666666666666 0.0609375 0.12916666666666668
