25 0.80234375 0.40520833333333334 0.0359375 0.03958333333333333
10 0.8296875 0.39791666666666664 0.021875 0.05416666666666667
27 0.85234375 0.39479166666666665 0.0234375 0.04791666666666667
20 0.87421875 0.39375 0.0203125 0.0625
18 0.890625 0.39375 0.0125 0.05416666666666667
23 0.91015625 0.396875 0.0265625 0.04375
16 0.93671875 0.39895833333333336 0.0296875 0.04375
29 0.26328125 0.4197916666666667 0.0421875 0.05625
4 0.31328125 0.41458333333333336 0.0328125 0.05416666666666667
7 0.34375 0.41041666666666665 0.03125 0.06666666666666667
8 0.37578125 0.4166666666666667 0.0296875 0.058333333333333334
5 0.43984375 0.4083333333333333 0.0390625 0.05
5 0.47578125 0.4083333333333333 0.0296875 0.06666666666666667
2 0.50390625 0.41041666666666665 0.0265625 0.05416666666666667
2 0.53359375 0.4083333333333333 0.0359375 0.058333333333333334
