16 0.4859375 0.5104166666666666 0.05625 0.09583333333333334
60 0.5328125 0.5270833333333333 0.0375 0.09166666666666666
40 0.56953125 0.5239583333333333 0.0296875 0.07291666666666667
50 0.6046875 0.5260416666666666 0.0375 0.08125
49 0.64296875 0.525 0.0390625 0.0625
42 0.68046875 0.5395833333333333 0.0390625 0.09166666666666666
42 0.72109375 0.5385416666666667 0.0359375 0.08958333333333333
44 0.74609375 0.5239583333333333 0.0203125 0.06875
39 0.80234375 0.5229166666666667 0.0453125 0.07916666666666666
50 0.84375 0.534375 0.0375 0.07708333333333334
16 0.4859375 0.38645833333333335 0.0625 0.10625
36 0.53671875 0.40208333333333335 0.0390625 0.08333333333333333
49 0.575 0.40208333333333335 0.0375 0.06666666666666667
42 0.615625 0.41354166666666664 0.0375 0.08125
32 0.6609375 0.40729166666666666 0.046875 0.07291666666666667
50 0.70234375 0.4125 0.0359375 0.0625
49 0.7390625 0.415625 0.040625 0.06875
39 0.80859375 0.4114583333333333 0.0390625 0.08125
50 0.84921875 0.42083333333333334 0.0390625 0.06666666666666667
