1 0.6890625 0.846875 0.034375 0.09791666666666667
0 0.721875 0.8416666666666667 0.03125 0.0875
36 0.109375 0.7510416666666667 0.0625 0.10625
48 0.18828125 0.7541666666666667 0.0828125 0.09583333333333334
1 0.28125 0.7322916666666667 0.053125 0.12708333333333333
1 0.33515625 0.734375 0.0578125 0.13958333333333334
3 0.4109375 0.7322916666666667 0.05 0.11458333333333333
0 0.4671875 0.734375 0.059375 0.11875
51 0.58125 0.7510416666666667 0.06875 0.11458333333333333
48 0.65703125 0.7385416666666667 0.0859375 0.09791666666666667
3 0.7578125 0.7302083333333333 0.065625 0.12291666666666666
3 0.83359375 0.7270833333333333 0.0578125 0.11666666666666667
0 0.88828125 0.725 0.0609375 0.11666666666666667
