13 0.375 0.9166666666666666 0.065625 0.09166666666666666
36 0.4296875 0.9322916666666666 0.046875 0.08125
40 0.47265625 0.9260416666666667 0.0390625 0.06875
45 0.5015625 0.934375 0.01875 0.10208333333333333
40 0.5296875 0.9291666666666667 0.034375 0.07916666666666666
50 0.565625 0.934375 0.0375 0.06041666666666667
49 0.61015625 0.9354166666666667 0.0484375 0.06666666666666667
28 0.3 0.7885416666666667 0.05 0.08958333333333333
40 0.34609375 0.8020833333333334 0.0390625 0.075
50 0.384375 0.8 0.040625 0.0625
56 0.425 0.8 0.0375 0.0625
47 0.45234375 0.796875 0.0140625 0.08541666666666667
11 0.515625 0.796875 0.04375 0.09791666666666667
56 0.559375 0.8083333333333333 0.04375 0.06666666666666667
54 0.59609375 0.8072916666666666 0.0265625 0.06875
36 0.63046875 0.8052083333333333 0.0421875 0.06458333333333334
49 0.67109375 0.8041666666666667 0.0359375 0.06666666666666667
