29 0.21171875 0.25416666666666665 0.1484375 0.25833333333333336
24 0.35234375 0.27291666666666664 0.1390625 0.24583333333333332
25 0.48125 0.27708333333333335 0.1375 0.26666666666666666
18 0.58359375 0.27708333333333335 0.0703125 0.26666666666666666
10 0.71328125 0.26145833333333335 0.1890625 0.24791666666666667
4 0.553125 0.7822916666666667 0.028125 0.07291666666666667
8 0.5828125 0.7885416666666667 0.021875 0.07291666666666667
3 0.60703125 0.7833333333333333 0.0265625 0.075
4 0.6578125 0.7822916666666667 0.028125 0.08958333333333333
8 0.68359375 0.78125 0.0234375 0.08333333333333333
2 0.709375 0.7729166666666667 0.028125 0.07916666666666666
8 0.73984375 0.78125 0.0328125 0.08333333333333333
