27 0.26796875 0.4822916666666667 0.1265625 0.14791666666666667
10 0.4640625 0.4875 0.134375 0.14166666666666666
13 0.70234375 0.46875 0.1390625 0.1375
18 0.90546875 0.46875 0.0921875 0.15833333333333333
21 0.24609375 0.37604166666666666 0.0453125 0.052083333333333336
25 0.28359375 0.37916666666666665 0.0328125 0.058333333333333334
22 0.33515625 0.3802083333333333 0.0453125 0.06875
56 0.375 0.3802083333333333 0.0375 0.06041666666666667
54 0.4046875 0.37916666666666665 0.021875 0.05416666666666667
44 0.428125 0.3729166666666667 0.01875 0.0625
38 0.45390625 0.37604166666666666 0.0328125 0.052083333333333336
17 0.5 0.375 0.04375 0.058333333333333334
36 0.534375 0.37916666666666665 0.028125 0.05
47 0.55625 0.3770833333333333 0.021875 0.06666666666666667
47 0.57890625 0.3697916666666667 0.0234375 0.06458333333333334
