19 0.24921875 0.40208333333333335 0.0484375 0.09166666666666666
40 0.290625 0.4114583333333333 0.034375 0.07708333333333334
50 0.32265625 0.4114583333333333 0.0328125 0.07708333333333334
47 0.34765625 0.40625 0.0140625 0.075
47 0.36171875 0.403125 0.0140625 0.07291666666666667
36 0.38828125 0.4125 0.0359375 0.058333333333333334
49 0.42421875 0.40729166666666666 0.0359375 0.06041666666666667
36 0.46171875 0.40729166666666666 0.0421875 0.07291666666666667
48 0.50703125 0.409375 0.0453125 0.06875
39 0.578125 0.4041666666666667 0.0375 0.075
50 0.615625 0.4114583333333333 0.034375 0.052083333333333336
45 0.2625 0.290625 0.034375 0.08541666666666667
40 0.296875 0.2947916666666667 0.034375 0.06041666666666667
50 0.3328125 0.29583333333333334 0.03125 0.07083333333333333
47 0.35390625 0.29270833333333335 0.0140625 0.07291666666666667
47 0.36875 0.2916666666666667 0.015625 0.075
36 0.39375 0.2947916666666667 0.0375 0.05625
37 0.43203125 0.2916666666666667 0.0421875 0.07083333333333333
56 0.46953125 0.29375 0.0328125 0.058333333333333334
46 0.50234375 0.28854166666666664 0.0328125 0.07708333333333334
39 0.56953125 0.290625 0.0421875 0.08541666666666667
50 0.6078125 0.3 0.034375 0.058333333333333334
