12 0.19453125 0.521875 0.0515625 0.08958333333333333
43 0.2375 0.5270833333333333 0.034375 0.08333333333333333
56 0.27265625 0.5291666666666667 0.0359375 0.06666666666666667
49 0.30625 0.534375 0.0375 0.06041666666666667
42 0.34453125 0.5447916666666667 0.0390625 0.08125
12 0.38671875 0.525 0.0453125 0.07916666666666666
43 0.42578125 0.5291666666666667 0.0328125 0.0875
40 0.4609375 0.53125 0.028125 0.07083333333333333
50 0.49296875 0.5354166666666667 0.0328125 0.07083333333333333
49 0.5265625 0.5333333333333333 0.0375 0.07083333333333333
42 0.5625 0.5385416666666667 0.034375 0.08541666666666667
37 0.6 0.5260416666666666 0.04375 0.07708333333333334
56 0.63828125 0.53125 0.0328125 0.06666666666666667
46 0.66953125 0.5260416666666666 0.0296875 0.07291666666666667
39 0.7328125 0.5260416666666666 0.040625 0.07708333333333334
50 0.77265625 0.5385416666666667 0.0359375 0.06041666666666667
12 0.184375 0.6354166666666666 0.05 0.08333333333333333
43 0.228125 0.634375 0.0375 0.08125
56 0.26328125 0.640625 0.0390625 0.07291666666666667
49 0.3 0.6385416666666667 0.034375 0.06875
42 0.33671875 0.659375 0.0359375 0.08958333333333333
12 0.37890625 0.634375 0.0421875 0.07708333333333334
43 0.4203125 0.6375 0.034375 0.08333333333333333
40 0.453125 0.6416666666666667 0.03125 0.07083333333333333
50 0.48671875 0.6427083333333333 0.0328125 0.06875
49 0.52265625 0.6395833333333333 0.0390625 0.0625
42 0.55859375 0.6520833333333333 0.0328125 0.09166666666666666
49 0.59375 0.6364583333333333 0.0375 0.06458333333333334
36 0.63125 0.64375 0.0375 0.07083333333333333
48 0.6734375 0.6458333333333334 0.04375 0.058333333333333334
39 0.74140625 0.6354166666666666 0.0390625 0.075
50 0.78125 0.640625 0.03125 0.052083333333333336
