29 0.6578125 0.871875 0.04375 0.07708333333333334
4 0.7078125 0.8739583333333333 0.03125 0.06041666666666667
8 0.74140625 0.865625 0.0328125 0.06875
2 0.77265625 0.8708333333333333 0.0296875 0.0625
1 0.821875 0.875 0.021875 0.0625
2 0.84921875 0.8739583333333333 0.0328125 0.07291666666666667
2 0.88125 0.8739583333333333 0.034375 0.06875
3 0.91640625 0.8802083333333334 0.0296875 0.07708333333333334
13 0.67265625 0.7989583333333333 0.0390625 0.05625
24 0.71171875 0.7958333333333333 0.0359375 0.075
24 0.74609375 0.8020833333333334 0.0328125 0.058333333333333334
23 0.7796875 0.803125 0.0375 0.06041666666666667
16 0.8125 0.803125 0.028125 0.06458333333333334
16 0.8609375 0.8125 0.034375 0.05416666666666667
18 0.8890625 0.8125 0.01875 0.05
