2 0.14765625 0.35520833333333335 0.1171875 0.17291666666666666
4 0.2546875 0.35208333333333336 0.096875 0.17083333333333334
58 0.29140625 0.521875 0.0578125 0.07291666666666667
58 0.346875 0.5125 0.053125 0.07083333333333333
58 0.39609375 0.5177083333333333 0.0484375 0.07708333333333334
40 0.4546875 0.521875 0.0375 0.07291666666666667
48 0.5015625 0.5239583333333333 0.05 0.07708333333333334
36 0.546875 0.525 0.034375 0.07083333333333333
53 0.5765625 0.5197916666666667 0.01875 0.06041666666666667
55 0.59765625 0.521875 0.0234375 0.06458333333333334
38 0.63984375 0.51875 0.0390625 0.06666666666666667
50 0.6796875 0.51875 0.0375 0.06666666666666667
46 0.73046875 0.5145833333333333 0.0390625 0.075
53 0.7640625 0.5145833333333333 0.03125 0.06666666666666667
