28 0.08515625 0.7208333333333333 0.1203125 0.15833333333333333
31 0.20234375 0.715625 0.1171875 0.16458333333333333
0 0.46015625 0.8104166666666667 0.0296875 0.07083333333333333
4 0.4890625 0.8083333333333333 0.025 0.07083333333333333
2 0.5109375 0.8052083333333333 0.021875 0.06875
4 0.5484375 0.803125 0.025 0.052083333333333336
7 0.56953125 0.8010416666666667 0.0234375 0.06875
1 0.58984375 0.8010416666666667 0.0171875 0.07291666666666667
7 0.62421875 0.8 0.0265625 0.07083333333333333
0 0.64921875 0.8020833333333334 0.0265625 0.058333333333333334
1 0.6734375 0.8020833333333334 0.01875 0.0625
1 0.6953125 0.7989583333333333 0.025 0.06041666666666667
