18 0.3734375 0.8822916666666667 0.025 0.13125
23 0.41328125 0.8854166666666666 0.0609375 0.13333333333333333
15 0.4640625 0.8875 0.05 0.13333333333333333
24 0.51796875 0.884375 0.0546875 0.11875
27 0.56953125 0.8770833333333333 0.0515625 0.1375
22 0.62578125 0.86875 0.0734375 0.1375
10 0.6921875 0.8802083333333334 0.053125 0.13125
29 0.74296875 0.878125 0.0484375 0.12291666666666666
18 0.78046875 0.88125 0.0234375 0.12916666666666668
24 0.8203125 0.878125 0.059375 0.13125
23 0.88203125 0.8802083333333334 0.0609375 0.12291666666666666
