13 0.1046875 0.4583333333333333 0.08125 0.14166666666666666
18 0.1640625 0.465625 0.03125 0.14791666666666667
16 0.22109375 0.46145833333333336 0.0828125 0.14791666666666667
18 0.2828125 0.4635416666666667 0.040625 0.16458333333333333
29 0.3296875 0.4708333333333333 0.0625 0.12916666666666668
10 0.40078125 0.471875 0.0765625 0.14375
21 0.4734375 0.4822916666666667 0.065625 0.12708333333333333
28 0.559375 0.4875 0.071875 0.12083333333333333
17 0.63125 0.4864583333333333 0.075 0.11458333333333333
24 0.71015625 0.49270833333333336 0.0828125 0.11041666666666666
25 0.784375 0.49166666666666664 0.071875 0.1125
17 0.23203125 0.30416666666666664 0.1046875 0.15
18 0.30234375 0.30416666666666664 0.0421875 0.15
48 0.4359375 0.33645833333333336 0.1375 0.13125
36 0.5421875 0.3375 0.08125 0.13333333333333333
53 0.609375 0.33541666666666664 0.0625 0.1375
55 0.671875 0.3333333333333333 0.059375 0.1375
