29 0.19140625 0.896875 0.0453125 0.08958333333333333
4 0.24296875 0.896875 0.0359375 0.08541666666666667
0 0.2796875 0.8979166666666667 0.034375 0.0875
7 0.3109375 0.890625 0.03125 0.07708333333333334
8 0.365625 0.8958333333333334 0.028125 0.07916666666666666
8 0.396875 0.896875 0.034375 0.07708333333333334
8 0.43203125 0.8979166666666667 0.0328125 0.07916666666666666
8 0.46796875 0.8989583333333333 0.0296875 0.08125
3 0.790625 0.90625 0.025 0.075
0 0.8109375 0.903125 0.021875 0.07291666666666667
0 0.83203125 0.9010416666666666 0.0171875 0.08125
6 0.8546875 0.903125 0.025 0.08125
1 0.14296875 0.525 0.0265625 0.07916666666666666
0 0.16953125 0.525 0.0296875 0.07916666666666666
