11 0.12109375 0.54375 0.0578125 0.1875
40 0.18046875 0.5614583333333333 0.0546875 0.16041666666666668
36 0.23828125 0.5572916666666666 0.0609375 0.16458333333333333
56 0.3046875 0.5645833333333333 0.06875 0.17083333333333334
55 0.359375 0.559375 0.0375 0.17291666666666666
60 0.409375 0.5958333333333333 0.059375 0.17916666666666667
17 0.58046875 0.56875 0.0734375 0.17083333333333334
40 0.6421875 0.590625 0.05625 0.14791666666666667
36 0.69921875 0.5958333333333333 0.0609375 0.1625
47 0.746875 0.5875 0.03125 0.15
55 0.784375 0.5885416666666666 0.0375 0.16875
43 0.83046875 0.5864583333333333 0.0546875 0.18125
17 0.20625 0.2375 0.146875 0.2625
40 0.3359375 0.2833333333333333 0.103125 0.19166666666666668
36 0.43984375 0.27708333333333335 0.1078125 0.19583333333333333
47 0.52265625 0.2833333333333333 0.0609375 0.23333333333333334
44 0.58203125 0.27708333333333335 0.0609375 0.25
49 0.66484375 0.2708333333333333 0.1046875 0.25416666666666665
42 0.7828125 0.340625 0.13125 0.23125
