12 0.19921875 0.5427083333333333 0.0734375 0.17291666666666666
36 0.25859375 0.5666666666666667 0.0421875 0.14583333333333334
53 0.29921875 0.5666666666666667 0.0390625 0.1375
40 0.34453125 0.596875 0.0546875 0.13958333333333334
10 0.45625 0.5822916666666667 0.065625 0.16875
38 0.5140625 0.6 0.04375 0.125
36 0.55625 0.6020833333333333 0.034375 0.12916666666666668
39 0.59765625 0.5958333333333333 0.0453125 0.14166666666666666
40 0.64296875 0.6083333333333333 0.0390625 0.11666666666666667
48 0.69296875 0.6104166666666667 0.0609375 0.11666666666666667
60 0.74140625 0.625 0.0421875 0.15416666666666667
