12 0.6625 0.5864583333333333 0.046875 0.08958333333333333
10 0.7015625 0.584375 0.034375 0.08958333333333333
15 0.7328125 0.5791666666666667 0.028125 0.0875
14 0.76640625 0.584375 0.0390625 0.08541666666666667
35 0.6 0.2520833333333333 0.103125 0.2375
14 0.70234375 0.24375 0.1109375 0.22916666666666666
23 0.8140625 0.2375 0.115625 0.2375
27 0.56875 0.453125 0.04375 0.08958333333333333
14 0.60234375 0.4552083333333333 0.0265625 0.10208333333333333
28 0.62890625 0.45208333333333334 0.0328125 0.1125
29 0.66171875 0.4510416666666667 0.0296875 0.08958333333333333
10 0.69296875 0.4552083333333333 0.0328125 0.07708333333333334
30 0.725 0.45729166666666665 0.028125 0.08958333333333333
27 0.75546875 0.45208333333333334 0.0296875 0.08333333333333333
10 0.7875 0.4552083333333333 0.034375 0.08958333333333333
23 0.82109375 0.453125 0.0328125 0.08541666666666667
29 0.8546875 0.44375 0.034375 0.08333333333333333
11 0.69765625 0.7041666666666667 0.0421875 0.06666666666666667
1 0.7328125 0.7041666666666667 0.03125 0.0625
