6 0.77890625 0.5729166666666666 0.0421875 0.0875
1 0.8421875 0.5802083333333333 0.028125 0.08958333333333333
0 0.875 0.578125 0.03125 0.08958333333333333
5 0.9046875 0.5802083333333333 0.028125 0.07708333333333334
1 0.05234375 0.7010416666666667 0.0234375 0.08125
0 0.07421875 0.6916666666666667 0.0203125 0.075
5 0.0953125 0.696875 0.021875 0.07708333333333334
0 0.1359375 0.696875 0.01875 0.06875
0 0.1578125 0.6916666666666667 0.021875 0.075
0 0.18203125 0.6885416666666667 0.0265625 0.06875
22 0.23046875 0.6989583333333333 0.0328125 0.07291666666666667
36 0.25546875 0.7 0.0171875 0.07083333333333333
49 0.27578125 0.6979166666666666 0.0171875 0.075
49 0.290625 0.6979166666666666 0.01875 0.06666666666666667
60 0.30859375 0.7041666666666667 0.0234375 0.09166666666666666
40 0.32890625 0.7020833333333333 0.0171875 0.0625
50 0.346875 0.696875 0.025 0.06041666666666667
49 0.3671875 0.703125 0.015625 0.05625
43 0.3859375 0.6979166666666666 0.025 0.07916666666666666
36 0.40703125 0.6947916666666667 0.0171875 0.06041666666666667
46 0.42421875 0.7020833333333333 0.0171875 0.07083333333333333
42 0.44140625 0.7052083333333333 0.0171875 0.06041666666666667
60 0.45703125 0.7010416666666667 0.0203125 0.07291666666666667
50 0.478125 0.6979166666666666 0.01875 0.0625
42 0.5125 0.7010416666666667 0.021875 0.06041666666666667
44 0.5296875 0.7052083333333333 0.009375 0.06041666666666667
47 0.540625 0.6989583333333333 0.0125 0.05625
6 0.56484375 0.6947916666666667 0.0234375 0.06458333333333334
54 0.6078125 0.69375 0.03125 0.07083333333333333
40 0.634375 0.7020833333333333 0.01875 0.05
50 0.6515625 0.7020833333333333 0.01875 0.05
42 0.68828125 0.7052083333333333 0.0234375 0.07291666666666667
56 0.71015625 0.7 0.0203125 0.0625
13 0.75078125 0.6989583333333333 0.0234375 0.06458333333333334
36 0.77265625 0.7052083333333333 0.0171875 0.052083333333333336
40 0.790625 0.7052083333333333 0.0125 0.04375
45 0.80390625 0.70625 0.0109375 0.07916666666666666
40 0.81875 0.7010416666666667 0.01875 0.052083333333333336
50 0.83671875 0.696875 0.0171875 0.052083333333333336
49 0.8546875 0.7041666666666667 0.01875 0.0625
20 0.89140625 0.7020833333333333 0.0296875 0.0625
50 0.91484375 0.703125 0.0171875 0.04791666666666667
53 0.93046875 0.7041666666666667 0.0140625 0.041666666666666664
40 0.9484375 0.7 0.015625 0.05
36 0.96875 0.70625 0.01875 0.058333333333333334
