11 0.2 0.321875 0.1 0.16041666666666668
36 0.2578125 0.303125 0.084375 0.09791666666666667
53 0.3015625 0.2552083333333333 0.059375 0.12708333333333333
32 0.38203125 0.28958333333333336 0.0703125 0.12083333333333333
43 0.434375 0.2947916666666667 0.034375 0.12291666666666666
44 0.4625 0.29270833333333335 0.021875 0.11458333333333333
54 0.4859375 0.303125 0.021875 0.08958333333333333
46 0.51640625 0.2916666666666667 0.0359375 0.10833333333333334
60 0.54921875 0.325 0.0328125 0.1125
38 0.6078125 0.28541666666666665 0.04375 0.125
50 0.646875 0.3104166666666667 0.03125 0.0875
41 0.67421875 0.290625 0.0265625 0.13541666666666666
41 0.703125 0.2864583333333333 0.028125 0.12708333333333333
40 0.73359375 0.30520833333333336 0.0265625 0.08958333333333333
40 0.7640625 0.30625 0.03125 0.0875
11 0.81875 0.28854166666666664 0.04375 0.12708333333333333
40 0.85546875 0.3020833333333333 0.0234375 0.08333333333333333
40 0.8828125 0.3072916666666667 0.03125 0.08125
53 0.915625 0.3072916666666667 0.034375 0.08125
2 0.8625 0.7229166666666667 0.084375 0.1
15 0.92890625 0.7229166666666667 0.0453125 0.1
