11 0.3328125 0.37604166666666666 0.05 0.11875
56 0.37734375 0.38958333333333334 0.0390625 0.07083333333333333
55 0.40546875 0.39166666666666666 0.0265625 0.08333333333333333
55 0.42890625 0.3927083333333333 0.0203125 0.09375
40 0.4546875 0.3958333333333333 0.028125 0.075
53 0.48203125 0.396875 0.0296875 0.07708333333333334
41 0.51171875 0.403125 0.0234375 0.13125
47 0.53125 0.3927083333333333 0.015625 0.09791666666666667
60 0.5546875 0.42291666666666666 0.028125 0.10833333333333334
11 0.38359375 0.5385416666666667 0.0640625 0.13958333333333334
10 0.44609375 0.534375 0.0640625 0.13541666666666666
27 0.5109375 0.5416666666666666 0.065625 0.12916666666666668
