29 0.29921875 0.21666666666666667 0.0296875 0.075
4 0.34765625 0.22083333333333333 0.0265625 0.0625
8 0.37109375 0.21875 0.0203125 0.0625
3 0.39296875 0.21875 0.0203125 0.0625
9 0.42578125 0.215625 0.0265625 0.07291666666666667
8 0.4484375 0.21458333333333332 0.01875 0.075
7 0.46953125 0.2125 0.0234375 0.07083333333333333
6 0.49375 0.20833333333333334 0.021875 0.075
15 0.53984375 0.209375 0.0296875 0.07291666666666667
4 0.5890625 0.20729166666666668 0.025 0.06041666666666667
8 0.6140625 0.20729166666666668 0.01875 0.06875
3 0.63671875 0.20520833333333333 0.0203125 0.08541666666666667
9 0.66953125 0.21041666666666667 0.0265625 0.07083333333333333
8 0.6953125 0.20833333333333334 0.028125 0.07083333333333333
7 0.7203125 0.20729166666666668 0.021875 0.06875
0 0.7484375 0.203125 0.034375 0.06875
2 0.86796875 0.20416666666666666 0.0328125 0.0875
0 0.89453125 0.20208333333333334 0.0234375 0.075
3 0.9171875 0.2 0.021875 0.06666666666666667
1 0.95 0.20416666666666666 0.01875 0.07083333333333333
