28 0.33359375 0.6083333333333333 0.1171875 0.14583333333333334
24 0.46015625 0.6114583333333333 0.1453125 0.16875
23 0.5921875 0.6177083333333333 0.128125 0.13958333333333334
34 0.72265625 0.6197916666666666 0.1234375 0.15625
24 0.1265625 0.7979166666666667 0.11875 0.12083333333333333
21 0.2140625 0.7885416666666667 0.071875 0.11458333333333333
34 0.27421875 0.7916666666666666 0.0796875 0.10833333333333334
22 0.35859375 0.7927083333333333 0.0921875 0.11875
25 0.44453125 0.7979166666666667 0.0859375 0.125
30 0.5265625 0.7916666666666666 0.075 0.11666666666666667
28 0.61328125 0.7895833333333333 0.0890625 0.1375
