18 0.5625 0.5041666666666667 0.034375 0.11666666666666667
23 0.6078125 0.5083333333333333 0.05 0.125
25 0.1171875 0.29791666666666666 0.05 0.058333333333333334
44 0.15625 0.2677083333333333 0.025 0.06875
61 0.1734375 0.278125 0.021875 0.04375
61 0.19765625 0.26666666666666666 0.0265625 0.041666666666666664
36 0.22890625 0.26145833333333335 0.0296875 0.04791666666666667
17 0.14765625 0.32395833333333335 0.0359375 0.05625
56 0.1796875 0.31354166666666666 0.028125 0.035416666666666666
55 0.21015625 0.30833333333333335 0.0328125 0.041666666666666664
