50 0.396875 0.24895833333333334 0.1 0.16458333333333333
47 0.47109375 0.23958333333333334 0.0484375 0.1625
47 0.51328125 0.2375 0.0421875 0.1625
50 0.56640625 0.2677083333333333 0.0640625 0.10208333333333333
50 0.675 0.228125 0.09375 0.15625
47 0.7453125 0.22083333333333333 0.053125 0.14583333333333334
47 0.7921875 0.22083333333333333 0.05 0.15416666666666667
50 0.85703125 0.24166666666666667 0.0734375 0.10833333333333334
4 0.6234375 0.35 0.025 0.058333333333333334
8 0.64765625 0.34791666666666665 0.0203125 0.058333333333333334
5 0.6703125 0.34791666666666665 0.021875 0.05416666666666667
8 0.71171875 0.34479166666666666 0.0203125 0.052083333333333336
9 0.73515625 0.35104166666666664 0.0234375 0.06458333333333334
5 0.7578125 0.346875 0.021875 0.052083333333333336
3 0.7828125 0.34479166666666666 0.028125 0.05625
11 0.0390625 0.159375 0.04375 0.08125
10 0.07734375 0.159375 0.0328125 0.06875
27 0.115625 0.15520833333333334 0.0375 0.07291666666666667
