15 0.4765625 0.5322916666666667 0.040625 0.07291666666666667
47 0.5 0.53125 0.0125 0.07083333333333333
50 0.51796875 0.5354166666666667 0.0234375 0.05
58 0.5453125 0.534375 0.03125 0.052083333333333336
40 0.571875 0.534375 0.021875 0.06041666666666667
53 0.5953125 0.5302083333333333 0.028125 0.052083333333333336
30 0.66328125 0.5166666666666667 0.0359375 0.06666666666666667
55 0.6921875 0.515625 0.021875 0.07291666666666667
50 0.71640625 0.5197916666666667 0.0203125 0.052083333333333336
51 0.74140625 0.5270833333333333 0.0265625 0.07916666666666666
44 0.7625 0.509375 0.0125 0.06458333333333334
36 0.78359375 0.5177083333333333 0.0265625 0.06041666666666667
29 0.19765625 0.8729166666666667 0.0390625 0.075
4 0.23359375 0.8760416666666667 0.0328125 0.06875
8 0.26171875 0.875 0.0203125 0.07916666666666666
5 0.284375 0.8708333333333333 0.025 0.07083333333333333
1 0.32890625 0.875 0.0203125 0.075
4 0.35078125 0.8739583333333333 0.0265625 0.06875
2 0.3765625 0.875 0.025 0.07083333333333333
0 0.41015625 0.8739583333333333 0.0390625 0.06458333333333334
15 0.4703125 0.871875 0.03125 0.07708333333333334
4 0.51015625 0.8708333333333333 0.0359375 0.08333333333333333
8 0.540625 0.871875 0.025 0.08541666666666667
5 0.56796875 0.8697916666666666 0.0265625 0.08125
1 0.6203125 0.8739583333333333 0.01875 0.09375
4 0.6453125 0.86875 0.028125 0.075
2 0.67109375 0.871875 0.0296875 0.08125
1 0.696875 0.8677083333333333 0.021875 0.08541666666666667
