58 0.1578125 0.5583333333333333 0.096875 0.09583333333333334
58 0.2375 0.5479166666666667 0.06875 0.075
58 0.31015625 0.5458333333333333 0.0796875 0.07916666666666666
37 0.375 0.5354166666666667 0.065625 0.09583333333333334
50 0.43359375 0.5302083333333333 0.0546875 0.08541666666666667
42 0.490625 0.5385416666666667 0.0625 0.11458333333333333
40 0.546875 0.5197916666666667 0.053125 0.07708333333333334
50 0.6015625 0.5239583333333333 0.0625 0.10208333333333333
38 0.6765625 0.5135416666666667 0.05625 0.09791666666666667
50 0.734375 0.50625 0.0625 0.09583333333333334
46 0.81328125 0.4895833333333333 0.0671875 0.125
53 0.878125 0.5 0.059375 0.10833333333333334
4 0.08046875 0.7791666666666667 0.0828125 0.14583333333333334
8 0.15 0.7791666666666667 0.05625 0.13333333333333333
7 0.2046875 0.771875 0.053125 0.13125
8 0.30234375 0.7677083333333333 0.0546875 0.13958333333333334
9 0.35625 0.7625 0.05625 0.13333333333333333
8 0.4125 0.7614583333333333 0.059375 0.13541666666666666
8 0.4703125 0.7625 0.0625 0.14166666666666666
