13 0.20546875 0.3697916666666667 0.0703125 0.11458333333333333
27 0.2703125 0.3645833333333333 0.0625 0.10833333333333334
18 0.31484375 0.365625 0.0265625 0.11875
23 0.35703125 0.36770833333333336 0.0609375 0.12291666666666666
20 0.41640625 0.36770833333333336 0.0546875 0.10208333333333333
12 0.4875 0.37916666666666665 0.06875 0.1125
14 0.5484375 0.378125 0.05625 0.11041666666666666
23 0.6078125 0.37395833333333334 0.06875 0.11458333333333333
29 0.67109375 0.3770833333333333 0.0546875 0.1375
14 0.72734375 0.3802083333333333 0.0515625 0.11875
27 0.78203125 0.38125 0.0671875 0.13333333333333333
