20 0.0421875 0.8520833333333333 0.05 0.10833333333333334
14 0.0828125 0.8520833333333333 0.034375 0.0875
23 0.11953125 0.8541666666666666 0.0421875 0.08333333333333333
23 0.16328125 0.8625 0.0453125 0.09166666666666666
14 0.1984375 0.8541666666666666 0.03125 0.08333333333333333
13 0.23828125 0.85625 0.0484375 0.0875
34 0.2765625 0.8510416666666667 0.028125 0.08125
14 0.3265625 0.846875 0.046875 0.11041666666666666
23 0.37265625 0.85 0.0390625 0.07083333333333333
16 0.4140625 0.8520833333333333 0.046875 0.07916666666666666
21 0.45234375 0.853125 0.0296875 0.07291666666666667
18 0.47421875 0.8489583333333334 0.0171875 0.07291666666666667
28 0.4984375 0.8479166666666667 0.028125 0.075
17 0.5328125 0.85 0.0375 0.07916666666666666
21 0.5796875 0.834375 0.0375 0.09791666666666667
10 0.61875 0.8375 0.0375 0.0875
11 0.65546875 0.8447916666666667 0.0359375 0.08125
28 0.70625 0.8385416666666666 0.0375 0.08541666666666667
12 0.74921875 0.8416666666666667 0.0453125 0.08333333333333333
17 0.790625 0.8427083333333333 0.040625 0.08541666666666667
24 0.8328125 0.8375 0.04375 0.07083333333333333
24 0.88046875 0.8385416666666666 0.0546875 0.08541666666666667
21 0.928125 0.8479166666666667 0.0375 0.10416666666666667
2 0.77734375 0.2989583333333333 0.0953125 0.18541666666666667
15 0.8625 0.29375 0.08125 0.1875
