5 0.68515625 0.9229166666666667 0.0359375 0.058333333333333334
2 0.71953125 0.925 0.0328125 0.06666666666666667
7 0.753125 0.9239583333333333 0.03125 0.07708333333333334
5 0.809375 0.91875 0.0375 0.07083333333333333
8 0.8421875 0.921875 0.034375 0.07708333333333334
5 0.8765625 0.9239583333333333 0.03125 0.07708333333333334
0 0.91484375 0.9322916666666666 0.0453125 0.07708333333333334
0 0.47578125 0.5427083333333333 0.0390625 0.06458333333333334
5 0.52734375 0.5427083333333333 0.0421875 0.07291666666666667
12 0.57109375 0.5427083333333333 0.0453125 0.05625
5 0.4546875 0.6541666666666667 0.1125 0.175
0 0.56328125 0.6625 0.1015625 0.1625
0 0.6671875 0.6635416666666667 0.103125 0.18958333333333333
38 0.7734375 0.6760416666666667 0.09375 0.15625
38 0.86953125 0.6791666666666667 0.1015625 0.15833333333333333
