28 0.28515625 0.109375 0.0359375 0.08958333333333333
40 0.315625 0.11666666666666667 0.028125 0.07916666666666666
38 0.34453125 0.11666666666666667 0.0296875 0.07083333333333333
56 0.371875 0.115625 0.028125 0.07291666666666667
53 0.396875 0.115625 0.01875 0.07708333333333334
44 0.415625 0.11145833333333334 0.021875 0.08125
55 0.43671875 0.10729166666666666 0.0140625 0.06875
60 0.45703125 0.11875 0.0265625 0.08333333333333333
28 0.5546875 0.109375 0.034375 0.08958333333333333
36 0.58515625 0.11145833333333334 0.0234375 0.06875
41 0.60625 0.10625 0.015625 0.09583333333333334
40 0.62890625 0.11875 0.0265625 0.06666666666666667
55 0.65078125 0.11354166666666667 0.0203125 0.08125
60 0.67421875 0.115625 0.0359375 0.06875
23 0.31640625 0.5145833333333333 0.1640625 0.19166666666666668
28 0.43046875 0.5114583333333333 0.1265625 0.18541666666666667
24 0.53203125 0.5083333333333333 0.1203125 0.1875
20 0.62265625 0.509375 0.1390625 0.20625
29 0.33203125 0.7927083333333333 0.0328125 0.09375
40 0.359375 0.803125 0.021875 0.05625
47 0.3796875 0.79375 0.01875 0.07083333333333333
1 0.41484375 0.7916666666666666 0.0234375 0.07083333333333333
5 0.43671875 0.7947916666666667 0.0234375 0.07708333333333334
8 0.4609375 0.7989583333333333 0.028125 0.07291666666666667
8 0.4875 0.7989583333333333 0.028125 0.06458333333333334
9 0.5359375 0.796875 0.025 0.07291666666666667
1 0.5609375 0.8041666666666667 0.025 0.075
1 0.584375 0.7989583333333333 0.025 0.08125
2 0.6140625 0.8 0.03125 0.075
