29 0.565625 0.5010416666666667 0.028125 0.06458333333333334
4 0.6046875 0.49895833333333334 0.025 0.06458333333333334
8 0.6296875 0.496875 0.025 0.06875
8 0.653125 0.496875 0.021875 0.07291666666666667
3 0.67578125 0.4947916666666667 0.0265625 0.07708333333333334
1 0.71015625 0.4979166666666667 0.0171875 0.06666666666666667
1 0.72734375 0.503125 0.0171875 0.07291666666666667
3 0.74921875 0.4979166666666667 0.0296875 0.07083333333333333
15 0.803125 0.49166666666666664 0.021875 0.0625
4 0.84140625 0.49375 0.0265625 0.0625
8 0.86796875 0.496875 0.0203125 0.06458333333333334
5 0.89140625 0.49270833333333336 0.0296875 0.06458333333333334
1 0.93046875 0.49270833333333336 0.0171875 0.06458333333333334
3 0.94921875 0.49166666666666664 0.0265625 0.075
7 0.971875 0.48854166666666665 0.01875 0.06875
0 0.990625 0.48854166666666665 0.01875 0.07708333333333334
