17 0.41484375 0.5333333333333333 0.0203125 0.07083333333333333
24 0.43671875 0.5333333333333333 0.0265625 0.07083333333333333
23 0.4625 0.5322916666666667 0.021875 0.07291666666666667
16 0.4859375 0.5302083333333333 0.025 0.07291666666666667
18 0.50859375 0.5270833333333333 0.0140625 0.075
20 0.52578125 0.525 0.0234375 0.075
12 0.55390625 0.5302083333333333 0.0296875 0.06875
14 0.57578125 0.53125 0.0171875 0.06666666666666667
27 0.59609375 0.534375 0.0203125 0.07708333333333334
10 0.61796875 0.53125 0.0203125 0.075
25 0.634375 0.5270833333333333 0.01875 0.06666666666666667
10 0.65703125 0.5333333333333333 0.0203125 0.07083333333333333
28 0.68046875 0.5354166666666667 0.0265625 0.07083333333333333
4 0.84296875 0.5625 0.0359375 0.07083333333333333
8 0.871875 0.5583333333333333 0.01875 0.0625
4 0.89296875 0.559375 0.0296875 0.07291666666666667
8 0.9328125 0.5614583333333333 0.028125 0.06458333333333334
1 0.953125 0.5572916666666666 0.015625 0.06875
6 0.971875 0.5552083333333333 0.021875 0.06875
1 0.9890625 0.553125 0.015625 0.06875
