58 0.14375 0.89375 0.053125 0.08333333333333333
58 0.19296875 0.890625 0.0578125 0.08125
58 0.24921875 0.8927083333333333 0.0484375 0.07291666666666667
42 0.3 0.9010416666666666 0.04375 0.09375
36 0.3359375 0.890625 0.0375 0.07291666666666667
49 0.371875 0.896875 0.028125 0.06875
44 0.39453125 0.8822916666666667 0.0171875 0.08541666666666667
60 0.41796875 0.9072916666666667 0.0296875 0.09375
40 0.45 0.89375 0.040625 0.06666666666666667
50 0.4875 0.8979166666666667 0.034375 0.0625
46 0.52109375 0.890625 0.0390625 0.08541666666666667
38 0.571875 0.89375 0.028125 0.06666666666666667
50 0.60546875 0.8958333333333334 0.0328125 0.0625
46 0.65390625 0.884375 0.0390625 0.08958333333333333
53 0.68984375 0.8958333333333334 0.0328125 0.07916666666666666
