29 0.2671875 0.7354166666666667 0.028125 0.07083333333333333
0 0.30703125 0.7375 0.0234375 0.058333333333333334
1 0.328125 0.7354166666666667 0.015625 0.06666666666666667
0 0.346875 0.7354166666666667 0.01875 0.058333333333333334
7 0.3875 0.734375 0.021875 0.06458333333333334
2 0.40703125 0.7375 0.0171875 0.07083333333333333
5 0.4265625 0.734375 0.021875 0.06458333333333334
2 0.44609375 0.7364583333333333 0.0171875 0.06041666666666667
5 0.48515625 0.740625 0.0203125 0.06041666666666667
4 0.5046875 0.7354166666666667 0.01875 0.0625
8 0.52265625 0.7375 0.0171875 0.058333333333333334
9 0.54140625 0.7354166666666667 0.0203125 0.05416666666666667
0 0.5796875 0.7354166666666667 0.021875 0.0625
7 0.60078125 0.7375 0.0203125 0.0625
0 0.61875 0.7333333333333333 0.01875 0.058333333333333334
7 0.63671875 0.7364583333333333 0.0171875 0.05625
6 0.6796875 0.7395833333333334 0.01875 0.06666666666666667
2 0.69609375 0.7395833333333334 0.0171875 0.06666666666666667
5 0.715625 0.740625 0.01875 0.06875
5 0.75625 0.7364583333333333 0.01875 0.06041666666666667
4 0.77421875 0.7395833333333334 0.0171875 0.0625
8 0.79140625 0.7427083333333333 0.0234375 0.07708333333333334
9 0.8125 0.7427083333333333 0.01875 0.07291666666666667
