26 0.37890625 0.2 0.1359375 0.32083333333333336
30 0.49453125 0.13541666666666666 0.1046875 0.20416666666666666
14 0.5953125 0.13229166666666667 0.1 0.19791666666666666
14 0.6953125 0.13125 0.09375 0.20833333333333334
23 0.79375 0.14895833333333333 0.109375 0.20625
17 0.50625 0.303125 0.046875 0.08541666666666667
24 0.5484375 0.2989583333333333 0.034375 0.08125
15 0.5828125 0.30104166666666665 0.034375 0.08958333333333333
28 0.65234375 0.30416666666666664 0.0359375 0.075
24 0.68828125 0.3072916666666667 0.0359375 0.08125
19 0.72109375 0.3104166666666667 0.0328125 0.07916666666666666
30 0.75546875 0.30416666666666664 0.0390625 0.0875
