12 0.2265625 0.5260416666666666 0.0375 0.09791666666666667
24 0.26640625 0.5208333333333334 0.0359375 0.08333333333333333
15 0.3015625 0.5208333333333334 0.03125 0.075
15 0.33359375 0.5208333333333334 0.0328125 0.07083333333333333
14 0.36953125 0.5197916666666667 0.0359375 0.06458333333333334
14 0.4046875 0.525 0.0375 0.075
11 0.484375 0.5125 0.04375 0.0875
14 0.52421875 0.509375 0.0328125 0.08958333333333333
14 0.56015625 0.5177083333333333 0.0390625 0.07291666666666667
27 0.6015625 0.5145833333333333 0.040625 0.0875
4 0.35390625 0.5989583333333334 0.0328125 0.06041666666666667
8 0.39375 0.5927083333333333 0.03125 0.05625
2 0.4359375 0.5927083333333333 0.025 0.06041666666666667
7 0.46953125 0.5927083333333333 0.0328125 0.06458333333333334
4 0.5109375 0.5979166666666667 0.028125 0.0625
4 0.55234375 0.5947916666666667 0.0296875 0.06041666666666667
2 0.59296875 0.5979166666666667 0.0296875 0.0625
