27 0.046875 0.23645833333333333 0.0625 0.10208333333333333
40 0.0984375 0.246875 0.040625 0.06875
54 0.14140625 0.24479166666666666 0.0421875 0.07291666666666667
55 0.1734375 0.24375 0.025 0.09166666666666666
36 0.20703125 0.24791666666666667 0.0390625 0.0875
56 0.246875 0.2520833333333333 0.04375 0.07916666666666666
53 0.28359375 0.24895833333333334 0.0265625 0.07708333333333334
36 0.31953125 0.25729166666666664 0.0421875 0.07291666666666667
49 0.36015625 0.25625 0.0421875 0.08333333333333333
55 0.4 0.253125 0.034375 0.08958333333333333
20 0.04609375 0.14270833333333333 0.0640625 0.09791666666666667
50 0.0984375 0.15729166666666666 0.040625 0.08541666666666667
53 0.13125 0.15416666666666667 0.034375 0.075
40 0.171875 0.15625 0.0375 0.08333333333333333
36 0.2125 0.16354166666666667 0.04375 0.06875
49 0.25625 0.16666666666666666 0.04375 0.07916666666666666
16 0.48828125 0.24479166666666666 0.0859375 0.14791666666666667
10 0.56796875 0.253125 0.0734375 0.14375
22 0.65234375 0.259375 0.1015625 0.13958333333333334
10 0.73828125 0.2677083333333333 0.0703125 0.13958333333333334
28 0.80078125 0.26145833333333335 0.0609375 0.13541666666666666
24 0.87109375 0.26979166666666665 0.0765625 0.13541666666666666
29 0.94765625 0.26979166666666665 0.0765625 0.13958333333333334
