29 0.33203125 0.88125 0.0515625 0.05416666666666667
4 0.3890625 0.8854166666666666 0.040625 0.0625
8 0.42890625 0.8802083333333334 0.0390625 0.06458333333333334
7 0.47109375 0.890625 0.0328125 0.06458333333333334
0 0.54140625 0.8927083333333333 0.0484375 0.07291666666666667
1 0.57890625 0.8916666666666667 0.0234375 0.0625
8 0.61328125 0.8895833333333333 0.0359375 0.0625
5 0.6578125 0.8927083333333333 0.04375 0.08125
2 0.90078125 0.9 0.0765625 0.07916666666666666
15 0.96015625 0.9041666666666667 0.0453125 0.09166666666666666
