12 0.52890625 0.7083333333333334 0.0453125 0.07083333333333333
43 0.56640625 0.7052083333333333 0.0359375 0.08125
44 0.58984375 0.7041666666666667 0.0140625 0.09166666666666666
38 0.61328125 0.7135416666666666 0.0328125 0.06041666666666667
46 0.64296875 0.7072916666666667 0.0265625 0.07291666666666667
40 0.66796875 0.7135416666666666 0.0265625 0.06041666666666667
49 0.69921875 0.7177083333333333 0.0390625 0.06875
12 0.746875 0.70625 0.0375 0.06666666666666667
36 0.78203125 0.7135416666666666 0.0265625 0.05625
54 0.809375 0.7114583333333333 0.028125 0.06458333333333334
55 0.83671875 0.7083333333333334 0.0171875 0.06666666666666667
47 0.85234375 0.7072916666666667 0.0109375 0.06875
40 0.87421875 0.7208333333333333 0.0328125 0.05
