42 0.26484375 0.6166666666666667 0.0546875 0.09166666666666666
49 0.31875 0.6135416666666667 0.053125 0.07708333333333334
51 0.37109375 0.6239583333333333 0.0546875 0.08541666666666667
58 0.4328125 0.6145833333333334 0.06875 0.07083333333333333
50 0.4953125 0.6208333333333333 0.053125 0.07916666666666666
53 0.5390625 0.6229166666666667 0.03125 0.07916666666666666
44 0.5703125 0.6260416666666667 0.028125 0.08541666666666667
38 0.69765625 0.64375 0.0578125 0.07916666666666666
50 0.759375 0.646875 0.06875 0.07708333333333334
48 0.83671875 0.65 0.0890625 0.08333333333333333
39 0.6125 0.634375 0.05625 0.08958333333333333
58 0.06171875 0.5791666666666667 0.0609375 0.09166666666666666
58 0.12109375 0.5875 0.0578125 0.09166666666666666
58 0.17890625 0.590625 0.0640625 0.09375
