4 0.196875 0.5989583333333334 0.034375 0.06041666666666667
8 0.23046875 0.596875 0.0328125 0.06458333333333334
2 0.26640625 0.6020833333333333 0.0359375 0.075
3 0.33984375 0.5979166666666667 0.0359375 0.07083333333333333
5 0.37421875 0.603125 0.0390625 0.07291666666666667
6 0.41328125 0.603125 0.0359375 0.06875
8 0.45078125 0.6010416666666667 0.0390625 0.07291666666666667
4 0.75546875 0.5989583333333334 0.0328125 0.07291666666666667
8 0.7828125 0.6010416666666667 0.021875 0.06875
8 0.809375 0.603125 0.03125 0.06458333333333334
0 0.86015625 0.6 0.0328125 0.075
9 0.8890625 0.5979166666666667 0.025 0.07916666666666666
5 0.91484375 0.6052083333333333 0.0265625 0.06875
9 0.94140625 0.603125 0.0296875 0.06458333333333334
