22 0.215625 0.74375 0.121875 0.15833333333333333
24 0.3171875 0.7447916666666666 0.08125 0.15208333333333332
16 0.39765625 0.7510416666666667 0.0765625 0.15625
10 0.48046875 0.746875 0.0921875 0.14375
29 0.565625 0.7458333333333333 0.0875 0.1375
10 0.65234375 0.7427083333333333 0.0796875 0.13958333333333334
23 0.7296875 0.74375 0.078125 0.15833333333333333
34 0.80703125 0.7489583333333333 0.0765625 0.16875
27 0.19296875 0.6427083333333333 0.0296875 0.052083333333333336
14 0.21484375 0.6447916666666667 0.0203125 0.05625
28 0.23671875 0.64375 0.0265625 0.05416666666666667
29 0.26171875 0.6395833333333333 0.0203125 0.05
10 0.284375 0.640625 0.025 0.04791666666666667
30 0.30703125 0.6395833333333333 0.0234375 0.05416666666666667
27 0.33125 0.6416666666666667 0.025 0.058333333333333334
10 0.35546875 0.6427083333333333 0.0234375 0.06041666666666667
23 0.38203125 0.6447916666666667 0.0296875 0.06458333333333334
29 0.4109375 0.6385416666666667 0.028125 0.06041666666666667
4 0.66171875 0.8625 0.0265625 0.0625
8 0.68515625 0.8604166666666667 0.0203125 0.0625
7 0.70625 0.8552083333333333 0.01875 0.06041666666666667
6 0.7484375 0.8635416666666667 0.015625 0.052083333333333336
2 0.76796875 0.86875 0.0234375 0.05416666666666667
2 0.7921875 0.86875 0.01875 0.05416666666666667
5 0.8140625 0.8666666666666667 0.01875 0.05416666666666667
