40 0.29453125 0.5739583333333333 0.0390625 0.10208333333333333
39 0.3359375 0.5645833333333333 0.04375 0.1125
56 0.375 0.5697916666666667 0.03125 0.08541666666666667
38 0.4125 0.5708333333333333 0.0375 0.09166666666666666
36 0.44609375 0.5708333333333333 0.0359375 0.0875
55 0.4796875 0.5552083333333333 0.021875 0.09375
44 0.5 0.5552083333333333 0.01875 0.11041666666666666
50 0.53046875 0.565625 0.0359375 0.08125
49 0.56875 0.565625 0.040625 0.08125
36 0.6078125 0.5583333333333333 0.03125 0.07916666666666666
47 0.63671875 0.5510416666666667 0.0265625 0.08958333333333333
38 0.6984375 0.5541666666666667 0.040625 0.08333333333333333
40 0.740625 0.553125 0.04375 0.08541666666666667
49 0.7828125 0.5510416666666667 0.040625 0.08541666666666667
55 0.81484375 0.546875 0.0234375 0.10208333333333333
40 0.8484375 0.5520833333333334 0.04375 0.09166666666666666
53 0.8890625 0.5552083333333333 0.0375 0.09375
29 0.6 0.8604166666666667 0.028125 0.058333333333333334
14 0.6265625 0.859375 0.025 0.052083333333333336
21 0.64609375 0.8666666666666667 0.0109375 0.075
4 0.68046875 0.8614583333333333 0.0328125 0.06875
8 0.7109375 0.8645833333333334 0.025 0.0625
7 0.7375 0.8635416666666667 0.025 0.05625
1 0.7890625 0.8572916666666667 0.021875 0.06458333333333334
1 0.81328125 0.8614583333333333 0.0203125 0.06041666666666667
2 0.8390625 0.8583333333333333 0.03125 0.0625
5 0.87578125 0.8625 0.0328125 0.07083333333333333
