12 0.0828125 0.7145833333333333 0.0875 0.15
43 0.15859375 0.7208333333333333 0.0578125 0.15416666666666667
44 0.2046875 0.7135416666666666 0.028125 0.16458333333333333
49 0.2484375 0.7354166666666667 0.065625 0.13333333333333333
40 0.31171875 0.73125 0.0484375 0.125
54 0.359375 0.728125 0.04375 0.12291666666666666
40 0.40546875 0.725 0.0546875 0.12083333333333333
27 0.49453125 0.7166666666666667 0.0828125 0.15833333333333333
40 0.56328125 0.7333333333333333 0.0515625 0.11666666666666667
54 0.6125 0.7322916666666667 0.046875 0.12291666666666666
55 0.6515625 0.7270833333333333 0.03125 0.12916666666666668
36 0.69375 0.7302083333333333 0.046875 0.11458333333333333
56 0.74375 0.728125 0.05 0.12291666666666666
53 0.78828125 0.725 0.0421875 0.12083333333333333
36 0.8359375 0.7229166666666667 0.059375 0.125
49 0.88984375 0.7260416666666667 0.0484375 0.12708333333333333
55 0.934375 0.71875 0.0375 0.1375
