29 0.059375 0.08645833333333333 0.028125 0.07291666666666667
50 0.08359375 0.103125 0.0234375 0.06875
55 0.10390625 0.09583333333333334 0.0140625 0.08333333333333333
36 0.121875 0.1 0.025 0.0625
47 0.14140625 0.09791666666666667 0.0171875 0.08333333333333333
17 0.17109375 0.09479166666666666 0.0328125 0.08125
36 0.1984375 0.10104166666666667 0.021875 0.06458333333333334
44 0.215625 0.09895833333333333 0.009375 0.08125
53 0.2296875 0.10416666666666667 0.01875 0.06666666666666667
15 0.25546875 0.09479166666666666 0.0296875 0.07708333333333334
36 0.28203125 0.10625 0.0234375 0.06666666666666667
54 0.30390625 0.10208333333333333 0.0171875 0.0625
43 0.32578125 0.09791666666666667 0.0234375 0.075
44 0.34296875 0.09583333333333334 0.0078125 0.07916666666666666
50 0.36015625 0.10416666666666667 0.0203125 0.0625
49 0.384375 0.09895833333333333 0.028125 0.06458333333333334
29 0.69765625 0.4114583333333333 0.0328125 0.05625
4 0.73828125 0.41458333333333336 0.0265625 0.058333333333333334
8 0.765625 0.41354166666666664 0.025 0.06041666666666667
4 0.79296875 0.4166666666666667 0.0234375 0.058333333333333334
1 0.83515625 0.415625 0.0234375 0.06458333333333334
5 0.8609375 0.409375 0.025 0.06041666666666667
9 0.88828125 0.41354166666666664 0.0296875 0.07708333333333334
7 0.91171875 0.4083333333333333 0.0265625 0.075
