16 0.24453125 0.24375 0.0546875 0.10833333333333334
27 0.29921875 0.240625 0.0578125 0.11458333333333333
14 0.3546875 0.23645833333333333 0.053125 0.12291666666666666
14 0.40703125 0.2375 0.0515625 0.1
23 0.45703125 0.24270833333333333 0.0578125 0.09791666666666667
15 0.53515625 0.23333333333333334 0.0484375 0.1
24 0.58359375 0.240625 0.0515625 0.10625
24 0.63515625 0.24166666666666667 0.0578125 0.1125
13 0.6921875 0.246875 0.046875 0.11458333333333333
35 0.38671875 0.3625 0.0546875 0.1125
24 0.43984375 0.36770833333333336 0.0515625 0.11041666666666666
23 0.49375 0.3541666666666667 0.05625 0.1
14 0.54765625 0.3572916666666667 0.0578125 0.12291666666666666
