4 0.346875 0.6239583333333333 0.05 0.09791666666666667
8 0.3890625 0.6145833333333334 0.040625 0.09166666666666666
7 0.42734375 0.61875 0.0421875 0.08333333333333333
4 0.5109375 0.6239583333333333 0.03125 0.07708333333333334
8 0.5453125 0.628125 0.034375 0.08541666666666667
3 0.57890625 0.6208333333333333 0.0359375 0.0875
0 0.615625 0.6260416666666667 0.034375 0.07708333333333334
17 0.0625 0.24166666666666667 0.053125 0.07916666666666666
10 0.10703125 0.24166666666666667 0.0359375 0.08333333333333333
18 0.1328125 0.24166666666666667 0.028125 0.07083333333333333
27 0.16640625 0.246875 0.0390625 0.08125
28 0.2125 0.246875 0.040625 0.08125
17 0.2515625 0.24479166666666666 0.0375 0.08958333333333333
24 0.2890625 0.25 0.04375 0.07916666666666666
25 0.33203125 0.25625 0.0390625 0.075
