24 0.6546875 0.703125 0.1 0.13958333333333334
10 0.746875 0.7104166666666667 0.09375 0.15416666666666667
29 0.153125 0.8697916666666666 0.04375 0.06458333333333334
14 0.18984375 0.86875 0.0265625 0.07083333333333333
21 0.2171875 0.8677083333333333 0.025 0.07291666666666667
4 0.2484375 0.86875 0.034375 0.075
8 0.28203125 0.859375 0.0328125 0.06875
2 0.31875 0.871875 0.0375 0.07708333333333334
0 0.37734375 0.8625 0.0265625 0.06666666666666667
1 0.40859375 0.8614583333333333 0.0171875 0.05625
5 0.4359375 0.8604166666666667 0.03125 0.0625
5 0.4671875 0.8572916666666667 0.03125 0.05625
6 0.578125 0.8625 0.034375 0.0625
2 0.6109375 0.8614583333333333 0.028125 0.06458333333333334
2 0.64765625 0.8625 0.0421875 0.05416666666666667
4 0.70546875 0.859375 0.0296875 0.04791666666666667
2 0.73671875 0.859375 0.0328125 0.052083333333333336
4 0.76875 0.8625 0.021875 0.0625
4 0.79765625 0.8604166666666667 0.0328125 0.0625
