10 0.4046875 0.83125 0.046875 0.08333333333333333
4 0.51484375 0.828125 0.0390625 0.07708333333333334
0 0.1625 0.684375 0.059375 0.13125
4 0.221875 0.6895833333333333 0.059375 0.13333333333333333
2 0.2828125 0.6864583333333333 0.059375 0.13958333333333334
4 0.375 0.6958333333333333 0.059375 0.125
7 0.43203125 0.7 0.0578125 0.13333333333333333
1 0.48125 0.696875 0.040625 0.13958333333333334
0 0.5921875 0.7010416666666667 0.059375 0.12291666666666666
0 0.6484375 0.7020833333333333 0.05625 0.125
4 0.70390625 0.7083333333333334 0.0515625 0.13333333333333333
0 0.75703125 0.70625 0.0578125 0.11666666666666667
