14 0.68515625 0.571875 0.0671875 0.12708333333333333
28 0.7359375 0.575 0.04375 0.15
21 0.7921875 0.571875 0.06875 0.15208333333333332
22 0.1328125 0.5958333333333333 0.05625 0.07916666666666666
36 0.17421875 0.6 0.0265625 0.05
40 0.19921875 0.6041666666666666 0.0234375 0.058333333333333334
44 0.21953125 0.596875 0.0203125 0.05625
47 0.2390625 0.5979166666666667 0.01875 0.06666666666666667
29 0.5421875 0.7354166666666667 0.025 0.05416666666666667
14 0.5625 0.7302083333333333 0.015625 0.05625
21 0.5765625 0.7270833333333333 0.015625 0.05416666666666667
0 0.60234375 0.73125 0.0296875 0.0625
1 0.62890625 0.7260416666666667 0.0203125 0.06458333333333334
0 0.65234375 0.7302083333333333 0.0296875 0.06875
7 0.68515625 0.725 0.0265625 0.07083333333333333
1 0.7078125 0.721875 0.021875 0.06458333333333334
7 0.73359375 0.725 0.0234375 0.07916666666666666
4 0.75859375 0.7197916666666667 0.0265625 0.06041666666666667
5 0.79921875 0.7197916666666667 0.0328125 0.06875
9 0.83046875 0.71875 0.0296875 0.07083333333333333
4 0.85859375 0.7166666666666667 0.0296875 0.075
5 0.8890625 0.7208333333333333 0.03125 0.075
