29 0.1984375 0.8489583333333334 0.0375 0.08541666666666667
14 0.23359375 0.8447916666666667 0.0296875 0.08958333333333333
21 0.2640625 0.8489583333333334 0.034375 0.07708333333333334
4 0.34765625 0.8385416666666666 0.0640625 0.10625
8 0.40234375 0.8333333333333334 0.0421875 0.09583333333333334
3 0.45390625 0.8375 0.0578125 0.10416666666666667
1 0.56796875 0.8395833333333333 0.0390625 0.09583333333333334
1 0.60859375 0.8364583333333333 0.0390625 0.09791666666666667
8 0.6609375 0.840625 0.059375 0.08541666666666667
8 0.7234375 0.8375 0.065625 0.07916666666666666
