58 0.115625 0.8395833333333333 0.040625 0.05
58 0.15390625 0.8364583333333333 0.0390625 0.052083333333333336
58 0.190625 0.8322916666666667 0.034375 0.05625
51 0.2375 0.8395833333333333 0.034375 0.07083333333333333
43 0.2703125 0.8229166666666666 0.028125 0.0625
50 0.3 0.8302083333333333 0.025 0.04791666666666667
55 0.321875 0.8239583333333333 0.015625 0.07708333333333334
50 0.34375 0.83125 0.021875 0.0625
48 0.37734375 0.8260416666666667 0.0328125 0.05625
38 0.42265625 0.825 0.0234375 0.0625
50 0.44921875 0.8291666666666667 0.0296875 0.07083333333333333
46 0.48984375 0.821875 0.0359375 0.07291666666666667
53 0.5171875 0.8239583333333333 0.021875 0.052083333333333336
0 0.5859375 0.8208333333333333 0.034375 0.075
1 0.61015625 0.8197916666666667 0.0171875 0.08125
1 0.62734375 0.8114583333333333 0.0203125 0.08125
4 0.6734375 0.8177083333333334 0.028125 0.06875
5 0.70078125 0.8177083333333334 0.0265625 0.08125
2 0.7296875 0.8239583333333333 0.025 0.06875
4 0.7734375 0.8177083333333334 0.03125 0.06875
6 0.8015625 0.8145833333333333 0.025 0.07083333333333333
1 0.82421875 0.8114583333333333 0.0203125 0.07291666666666667
2 0.8515625 0.8145833333333333 0.034375 0.075
