2 0.87109375 0.821875 0.0546875 0.08958333333333333
15 0.925 0.8166666666666667 0.053125 0.0875
12 0.44375 0.42604166666666665 0.059375 0.11041666666666666
10 0.48828125 0.4239583333333333 0.0578125 0.10208333333333333
15 0.5375 0.428125 0.05 0.09375
14 0.58984375 0.425 0.0671875 0.1125
12 0.215625 0.6270833333333333 0.146875 0.225
10 0.36171875 0.6229166666666667 0.1484375 0.225
22 0.51875 0.6229166666666667 0.1625 0.22916666666666666
30 0.6671875 0.6270833333333333 0.134375 0.24166666666666667
28 0.79609375 0.6239583333333333 0.1265625 0.2520833333333333
7 0.13828125 0.809375 0.0578125 0.08125
0 0.19375 0.8145833333333333 0.05 0.09166666666666666
8 0.24296875 0.8104166666666667 0.0484375 0.08333333333333333
0 0.2953125 0.8125 0.05625 0.07916666666666666
12 0.3421875 0.8145833333333333 0.03125 0.075
21 0.36484375 0.8145833333333333 0.0171875 0.08333333333333333
30 0.38359375 0.8135416666666667 0.0203125 0.08125
11 0.403125 0.815625 0.025 0.08958333333333333
