29 0.11328125 0.79375 0.0515625 0.0875
4 0.17421875 0.7958333333333333 0.0421875 0.075
7 0.2109375 0.7947916666666667 0.03125 0.08541666666666667
2 0.2421875 0.7947916666666667 0.040625 0.08958333333333333
6 0.3140625 0.7947916666666667 0.04375 0.08125
2 0.35 0.7927083333333333 0.0375 0.09375
6 0.3875 0.7885416666666667 0.046875 0.08958333333333333
3 0.43203125 0.79375 0.0421875 0.0875
15 0.6109375 0.8010416666666667 0.0375 0.07291666666666667
4 0.65546875 0.8020833333333334 0.0359375 0.06666666666666667
8 0.6890625 0.8 0.025 0.075
8 0.71640625 0.7958333333333333 0.0296875 0.075
6 0.778125 0.8020833333333334 0.0375 0.06666666666666667
2 0.81171875 0.7979166666666667 0.0296875 0.07083333333333333
8 0.84140625 0.7979166666666667 0.0328125 0.08333333333333333
3 0.8734375 0.796875 0.03125 0.08958333333333333
