29 0.3515625 0.9479166666666666 0.034375 0.05416666666666667
4 0.39453125 0.9489583333333333 0.0296875 0.052083333333333336
8 0.4203125 0.9479166666666666 0.028125 0.05416666666666667
7 0.44921875 0.9479166666666666 0.0296875 0.05416666666666667
1 0.50390625 0.9458333333333333 0.0203125 0.05416666666666667
1 0.5265625 0.94375 0.025 0.05
0 0.553125 0.94375 0.028125 0.05
8 0.584375 0.9427083333333334 0.0375 0.052083333333333336
4 0.64921875 0.9416666666666667 0.0296875 0.05
8 0.67578125 0.9416666666666667 0.0265625 0.05
2 0.70078125 0.9416666666666667 0.0265625 0.05416666666666667
5 0.7515625 0.9385416666666667 0.028125 0.052083333333333336
1 0.778125 0.9416666666666667 0.025 0.05
9 0.80078125 0.940625 0.0265625 0.06041666666666667
9 0.82890625 0.9375 0.0328125 0.058333333333333334
