17 0.34609375 0.28229166666666666 0.0859375 0.16041666666666668
24 0.43046875 0.2864583333333333 0.0859375 0.11875
21 0.49375 0.296875 0.05625 0.12291666666666666
21 0.55078125 0.28020833333333334 0.0609375 0.11875
34 0.61171875 0.284375 0.0671875 0.13541666666666666
28 0.6703125 0.28229166666666666 0.05625 0.13541666666666666
12 0.4171875 0.41875 0.040625 0.058333333333333334
24 0.45078125 0.41875 0.0296875 0.04583333333333333
15 0.4859375 0.4197916666666667 0.034375 0.06041666666666667
15 0.5234375 0.43020833333333336 0.040625 0.06458333333333334
14 0.5609375 0.421875 0.034375 0.07291666666666667
14 0.596875 0.42083333333333334 0.0375 0.0625
