16 0.40625 0.478125 0.034375 0.08125
27 0.43828125 0.4822916666666667 0.0296875 0.07291666666666667
10 0.46953125 0.48020833333333335 0.0296875 0.07291666666666667
25 0.5 0.48333333333333334 0.025 0.075
14 0.5265625 0.4822916666666667 0.025 0.08125
19 0.54921875 0.48854166666666665 0.0203125 0.07291666666666667
30 0.5765625 0.48541666666666666 0.03125 0.07083333333333333
18 0.6 0.4864583333333333 0.015625 0.07291666666666667
12 0.621875 0.48333333333333334 0.028125 0.075
14 0.653125 0.48333333333333334 0.03125 0.08333333333333333
