7 0.0296875 0.2916666666666667 0.05625 0.17083333333333334
0 0.090625 0.2875 0.06875 0.1625
7 0.1546875 0.28541666666666665 0.065625 0.17083333333333334
58 0.2984375 0.2989583333333333 0.184375 0.16875
40 0.42734375 0.3 0.0796875 0.16666666666666666
47 0.48671875 0.2760416666666667 0.0390625 0.21875
47 0.52421875 0.27291666666666664 0.0359375 0.22916666666666666
37 0.58515625 0.27395833333333336 0.0921875 0.22708333333333333
40 0.6703125 0.296875 0.0875 0.16875
44 0.73125 0.27291666666666664 0.040625 0.20416666666666666
49 0.7875 0.2989583333333333 0.075 0.15208333333333332
42 0.86796875 0.3229166666666667 0.0953125 0.2
54 0.328125 0.5020833333333333 0.1375 0.17083333333333334
55 0.4234375 0.4875 0.059375 0.19583333333333333
53 0.4828125 0.49895833333333334 0.05625 0.17291666666666666
40 0.5484375 0.5 0.084375 0.1625
55 0.6140625 0.4875 0.059375 0.1875
38 0.6796875 0.5 0.078125 0.16666666666666666
43 0.76328125 0.48020833333333335 0.0859375 0.20208333333333334
44 0.821875 0.47291666666666665 0.034375 0.2125
49 0.87890625 0.4895833333333333 0.0734375 0.15833333333333333
42 0.95078125 0.503125 0.0734375 0.19791666666666666
7 0.6625 0.671875 0.0375 0.10208333333333333
0 0.6953125 0.66875 0.028125 0.1
7 0.725 0.6635416666666667 0.03125 0.09791666666666667
