15 0.66640625 0.8208333333333333 0.0203125 0.04583333333333333
10 0.68515625 0.8229166666666666 0.0171875 0.04583333333333333
33 0.7078125 0.8208333333333333 0.025 0.04583333333333333
4 0.73046875 0.821875 0.0234375 0.052083333333333336
8 0.7484375 0.8166666666666667 0.015625 0.04583333333333333
3 0.7671875 0.8177083333333334 0.015625 0.04791666666666667
7 0.78828125 0.8197916666666667 0.0171875 0.04791666666666667
6 0.80546875 0.8177083333333334 0.0171875 0.04375
7 0.82109375 0.815625 0.0140625 0.04791666666666667
7 0.840625 0.8177083333333334 0.01875 0.052083333333333336
29 0.18125 0.8208333333333333 0.025 0.05
14 0.2046875 0.8166666666666667 0.021875 0.05416666666666667
21 0.22734375 0.8145833333333333 0.0265625 0.041666666666666664
4 0.25078125 0.8145833333333333 0.0234375 0.04583333333333333
8 0.27109375 0.8166666666666667 0.0171875 0.05416666666666667
3 0.290625 0.821875 0.01875 0.05625
7 0.31640625 0.8166666666666667 0.0171875 0.05
6 0.3359375 0.8177083333333334 0.01875 0.06041666666666667
7 0.353125 0.81875 0.015625 0.05
6 0.37421875 0.8177083333333334 0.0203125 0.052083333333333336
