20 0.2125 0.41875 0.053125 0.08333333333333333
24 0.26953125 0.41458333333333336 0.0546875 0.075
27 0.3171875 0.42083333333333334 0.046875 0.08333333333333333
14 0.3609375 0.41875 0.034375 0.075
10 0.39765625 0.42083333333333334 0.0359375 0.07916666666666666
23 0.44609375 0.428125 0.0546875 0.06458333333333334
27 0.5125 0.4239583333333333 0.0375 0.08125
14 0.55078125 0.4239583333333333 0.0296875 0.08125
28 0.58046875 0.428125 0.0296875 0.08125
29 0.61171875 0.42604166666666665 0.0421875 0.08125
10 0.64921875 0.4322916666666667 0.0328125 0.08125
30 0.684375 0.4322916666666667 0.040625 0.06458333333333334
27 0.72421875 0.4354166666666667 0.0390625 0.05416666666666667
10 0.7609375 0.4395833333333333 0.028125 0.06666666666666667
23 0.79765625 0.44166666666666665 0.0421875 0.0625
29 0.83515625 0.43854166666666666 0.0359375 0.06875
