12 0.0984375 0.28854166666666664 0.05 0.08541666666666667
50 0.1359375 0.28854166666666664 0.028125 0.08541666666666667
41 0.15390625 0.28020833333333334 0.0234375 0.08958333333333333
41 0.17578125 0.2833333333333333 0.0171875 0.09583333333333334
40 0.19140625 0.28854166666666664 0.0265625 0.05625
40 0.21953125 0.28958333333333336 0.0296875 0.058333333333333334
27 0.32421875 0.27708333333333335 0.0453125 0.07916666666666666
40 0.35859375 0.28229166666666666 0.0265625 0.05625
54 0.38359375 0.2864583333333333 0.0171875 0.06458333333333334
55 0.40390625 0.2791666666666667 0.0234375 0.07083333333333333
36 0.42890625 0.278125 0.0265625 0.05625
56 0.4578125 0.2791666666666667 0.034375 0.058333333333333334
53 0.4859375 0.271875 0.021875 0.06041666666666667
36 0.5109375 0.2791666666666667 0.03125 0.07083333333333333
49 0.540625 0.26666666666666666 0.03125 0.05416666666666667
55 0.56953125 0.271875 0.0296875 0.06875
2 0.809375 0.7177083333333333 0.05 0.08958333333333333
15 0.859375 0.715625 0.05 0.09791666666666667
