15 0.159375 0.4947916666666667 0.090625 0.19791666666666666
36 0.2390625 0.509375 0.071875 0.14375
48 0.3296875 0.5041666666666667 0.10625 0.14166666666666666
44 0.396875 0.490625 0.034375 0.17708333333333334
47 0.434375 0.484375 0.0375 0.17708333333333334
60 0.490625 0.528125 0.075 0.19791666666666666
37 0.6078125 0.475 0.1 0.19583333333333333
40 0.709375 0.49270833333333336 0.109375 0.15625
40 0.8171875 0.49375 0.1125 0.15833333333333333
53 0.91640625 0.490625 0.0859375 0.15208333333333332
1 0.44921875 0.7895833333333333 0.0234375 0.0625
4 0.55625 0.78125 0.046875 0.07916666666666666
8 0.603125 0.78125 0.040625 0.09166666666666666
9 0.64296875 0.7760416666666666 0.0453125 0.08541666666666667
0 0.6984375 0.778125 0.0375 0.08125
7 0.7390625 0.7791666666666667 0.040625 0.075
5 0.78203125 0.7854166666666667 0.0484375 0.1
8 0.82734375 0.7729166666666667 0.0390625 0.0875
