58 0.3203125 0.9197916666666667 0.040625 0.06875
58 0.35546875 0.9229166666666667 0.0296875 0.0625
58 0.3859375 0.91875 0.034375 0.06666666666666667
41 0.42578125 0.9177083333333333 0.0203125 0.06041666666666667
44 0.44296875 0.9229166666666667 0.0109375 0.07083333333333333
49 0.4625 0.9208333333333333 0.025 0.05
39 0.48984375 0.9229166666666667 0.0296875 0.0625
10 0.51640625 0.9177083333333333 0.0296875 0.052083333333333336
47 0.53984375 0.921875 0.0109375 0.052083333333333336
47 0.55 0.9260416666666667 0.009375 0.06041666666666667
38 0.5796875 0.925 0.034375 0.0625
50 0.61328125 0.91875 0.0296875 0.058333333333333334
46 0.6484375 0.9177083333333333 0.021875 0.05625
53 0.67265625 0.9197916666666667 0.0265625 0.06041666666666667
