20 0.2578125 0.31145833333333334 0.0375 0.09791666666666667
24 0.29453125 0.321875 0.0390625 0.08125
27 0.32734375 0.3229166666666667 0.0296875 0.0875
14 0.3546875 0.32083333333333336 0.025 0.07916666666666666
10 0.3859375 0.321875 0.034375 0.08958333333333333
20 0.43671875 0.32708333333333334 0.0453125 0.08333333333333333
30 0.47421875 0.32708333333333334 0.0328125 0.09583333333333334
22 0.5125 0.3302083333333333 0.04375 0.08958333333333333
13 0.54921875 0.3260416666666667 0.0265625 0.07291666666666667
24 0.58359375 0.33229166666666665 0.0390625 0.06458333333333334
10 0.6375 0.34270833333333334 0.0375 0.07291666666666667
28 0.671875 0.340625 0.03125 0.07708333333333334
28 0.70234375 0.3416666666666667 0.0296875 0.08333333333333333
24 0.73671875 0.34375 0.0359375 0.07916666666666666
12 0.76484375 0.34270833333333334 0.0328125 0.07291666666666667
18 0.79140625 0.346875 0.0203125 0.08541666666666667
10 0.81796875 0.3416666666666667 0.0390625 0.07916666666666666
29 0.8515625 0.34479166666666666 0.028125 0.09375
18 0.87265625 0.34791666666666665 0.0140625 0.09166666666666666
24 0.8953125 0.35 0.03125 0.075
23 0.92734375 0.353125 0.0328125 0.08958333333333333
2 0.1015625 0.678125 0.071875 0.12291666666666666
29 0.33046875 0.6770833333333334 0.0640625 0.1
8 0.4125 0.678125 0.059375 0.09375
6 0.4734375 0.6802083333333333 0.059375 0.09375
1 0.5234375 0.6864583333333333 0.053125 0.09791666666666667
8 0.63359375 0.6947916666666667 0.0734375 0.09375
9 0.6953125 0.703125 0.059375 0.10625
3 0.75390625 0.6989583333333333 0.0609375 0.08958333333333333
9 0.81796875 0.7041666666666667 0.0640625 0.09166666666666666
