12 0.11875 0.7302083333333333 0.046875 0.07708333333333334
36 0.159375 0.7375 0.03125 0.0625
41 0.190625 0.7302083333333333 0.028125 0.07291666666666667
40 0.22109375 0.7375 0.0359375 0.07083333333333333
16 0.33515625 0.6 0.1421875 0.20833333333333334
30 0.46640625 0.596875 0.1171875 0.20208333333333334
14 0.5875 0.6052083333333333 0.13125 0.21875
28 0.70625 0.5947916666666667 0.115625 0.19791666666666666
29 0.83359375 0.6125 0.1421875 0.1875
4 0.67421875 0.7479166666666667 0.0359375 0.0625
8 0.71328125 0.75 0.0265625 0.058333333333333334
7 0.74609375 0.7479166666666667 0.0234375 0.05416666666666667
6 0.778125 0.7552083333333334 0.028125 0.05625
2 0.81328125 0.753125 0.0265625 0.052083333333333336
4 0.8484375 0.75625 0.01875 0.05416666666666667
1 0.88203125 0.7583333333333333 0.0234375 0.0625
