16 0.11015625 0.903125 0.0546875 0.07291666666666667
40 0.1546875 0.89375 0.0375 0.075
50 0.19765625 0.8875 0.0484375 0.075
16 0.31875 0.828125 0.059375 0.10208333333333333
14 0.36484375 0.8239583333333333 0.0390625 0.10625
24 0.4109375 0.8197916666666667 0.0625 0.10625
38 0.47421875 0.8229166666666666 0.0609375 0.09583333333333334
34 0.52265625 0.8239583333333333 0.0390625 0.09791666666666667
12 0.56640625 0.83125 0.0515625 0.08333333333333333
21 0.61171875 0.8302083333333333 0.0453125 0.08541666666666667
14 0.65546875 0.828125 0.0515625 0.09375
