1 0.059375 0.06458333333333334 0.071875 0.10833333333333334
1 0.134375 0.059375 0.071875 0.10625
2 0.2265625 0.06354166666666666 0.109375 0.11458333333333333
29 0.26875 0.94375 0.065625 0.10416666666666667
4 0.35078125 0.9416666666666667 0.0609375 0.10416666666666667
8 0.40625 0.9395833333333333 0.05 0.1125
7 0.45546875 0.9395833333333333 0.0578125 0.1125
7 0.55546875 0.9385416666666667 0.0703125 0.10625
1 0.60859375 0.9354166666666667 0.0359375 0.10833333333333334
1 0.65390625 0.9416666666666667 0.0515625 0.10833333333333334
2 0.71015625 0.9375 0.0578125 0.10416666666666667
