0 0.70703125 0.7645833333333333 0.0234375 0.058333333333333334
7 0.72734375 0.759375 0.0203125 0.06041666666666667
0 0.74609375 0.7583333333333333 0.0171875 0.0625
7 0.79609375 0.7604166666666666 0.0203125 0.0625
7 0.81484375 0.7552083333333334 0.0171875 0.07708333333333334
3 0.8328125 0.7614583333333333 0.01875 0.06458333333333334
0 0.85390625 0.759375 0.0203125 0.07291666666666667
7 0.9015625 0.7614583333333333 0.021875 0.06041666666666667
4 0.9203125 0.7604166666666666 0.015625 0.0625
7 0.9375 0.7604166666666666 0.01875 0.06666666666666667
4 0.959375 0.7625 0.025 0.075
