12 0.10078125 0.8416666666666667 0.1640625 0.2375
43 0.2265625 0.815625 0.090625 0.19375
53 0.3125 0.8364583333333333 0.078125 0.15625
44 0.38203125 0.8114583333333333 0.0609375 0.20208333333333334
54 0.4453125 0.809375 0.071875 0.17291666666666666
55 0.5234375 0.796875 0.084375 0.16458333333333333
48 0.62109375 0.7833333333333333 0.1140625 0.1375
36 0.71484375 0.7572916666666667 0.0859375 0.11041666666666666
54 0.78984375 0.7395833333333334 0.0671875 0.14583333333333334
22 0.1390625 0.6135416666666667 0.209375 0.22291666666666668
40 0.28359375 0.6385416666666667 0.0765625 0.12708333333333333
53 0.35078125 0.625 0.0859375 0.14166666666666666
53 0.43515625 0.609375 0.0953125 0.15208333333333332
60 0.5328125 0.6114583333333333 0.11875 0.20208333333333334
