12 0.08125 0.29791666666666666 0.059375 0.09583333333333334
43 0.13359375 0.309375 0.0453125 0.11458333333333333
50 0.17734375 0.31666666666666665 0.0484375 0.09166666666666666
50 0.225 0.3229166666666667 0.04375 0.09166666666666666
49 0.26953125 0.31875 0.0484375 0.08333333333333333
42 0.3125 0.3385416666666667 0.046875 0.12708333333333333
49 0.35625 0.32083333333333336 0.046875 0.09583333333333334
36 0.4 0.32708333333333334 0.040625 0.08333333333333333
48 0.45625 0.32708333333333334 0.071875 0.09166666666666666
38 0.52109375 0.32916666666666666 0.0421875 0.07916666666666666
44 0.55078125 0.31979166666666664 0.0171875 0.09791666666666667
55 0.57578125 0.32083333333333336 0.0328125 0.09166666666666666
60 0.6140625 0.35208333333333336 0.046875 0.12083333333333333
42 0.6609375 0.340625 0.04375 0.11458333333333333
36 0.70390625 0.334375 0.0390625 0.08958333333333333
54 0.73984375 0.334375 0.0359375 0.08958333333333333
28 0.80078125 0.3302083333333333 0.0421875 0.08958333333333333
20 0.8421875 0.3302083333333333 0.040625 0.09791666666666667
14 0.9015625 0.3458333333333333 0.03125 0.0625
28 0.9546875 0.3458333333333333 0.040625 0.06666666666666667
