28 0.140625 0.4427083333333333 0.071875 0.11875
24 0.203125 0.44166666666666665 0.0625 0.12916666666666668
15 0.25859375 0.440625 0.0515625 0.13125
29 0.3125 0.43125 0.05625 0.11666666666666667
28 0.4078125 0.42916666666666664 0.065625 0.12916666666666668
29 0.465625 0.4270833333333333 0.046875 0.11666666666666667
10 0.5203125 0.43020833333333336 0.059375 0.11458333333333333
27 0.5765625 0.4270833333333333 0.053125 0.12083333333333333
29 0.62734375 0.4270833333333333 0.0484375 0.10833333333333334
14 0.67734375 0.421875 0.0546875 0.11041666666666666
27 0.73203125 0.41875 0.0546875 0.1125
22 0.13984375 0.2635416666666667 0.0765625 0.12291666666666666
22 0.21015625 0.2635416666666667 0.0640625 0.11041666666666666
18 0.26796875 0.2635416666666667 0.0578125 0.12708333333333333
18 0.35 0.26458333333333334 0.0375 0.11666666666666667
23 0.39296875 0.2604166666666667 0.0515625 0.11666666666666667
29 0.44375 0.26666666666666666 0.05625 0.12916666666666668
24 0.50703125 0.26458333333333334 0.0578125 0.1125
12 0.5609375 0.2604166666666667 0.05 0.12083333333333333
17 0.61171875 0.265625 0.0609375 0.10625
12 0.71328125 0.25729166666666664 0.0515625 0.11041666666666666
18 0.75703125 0.25625 0.0296875 0.1125
22 0.80546875 0.25104166666666666 0.0640625 0.11458333333333333
24 0.86015625 0.25416666666666665 0.0484375 0.1125
23 0.9109375 0.25104166666666666 0.046875 0.12291666666666666
