10 0.1625 0.48020833333333335 0.065625 0.10625
53 0.20859375 0.48854166666666665 0.0265625 0.08958333333333333
55 0.23828125 0.4895833333333333 0.0390625 0.1
14 0.290625 0.48854166666666665 0.04375 0.10625
54 0.3296875 0.49895833333333334 0.03125 0.08958333333333333
51 0.36484375 0.5083333333333333 0.0421875 0.1125
53 0.4015625 0.490625 0.034375 0.08541666666666667
40 0.43515625 0.49375 0.0359375 0.10416666666666667
54 0.46875 0.49375 0.0375 0.09583333333333334
54 0.5046875 0.49895833333333334 0.034375 0.09791666666666667
50 0.5453125 0.4979166666666667 0.040625 0.1
1 0.9140625 0.4979166666666667 0.025 0.0875
15 0.94609375 0.496875 0.0359375 0.09791666666666667
