28 0.15859375 0.6895833333333333 0.2046875 0.2708333333333333
40 0.334375 0.721875 0.146875 0.19375
49 0.48515625 0.7239583333333334 0.1546875 0.20625
54 0.63671875 0.721875 0.1515625 0.20625
40 0.78671875 0.7375 0.1484375 0.20416666666666666
11 0.2015625 0.409375 0.2125 0.26875
36 0.37890625 0.44583333333333336 0.1453125 0.19583333333333333
54 0.528125 0.453125 0.15625 0.21041666666666667
44 0.6484375 0.42604166666666665 0.08125 0.2604166666666667
38 0.76484375 0.46145833333333336 0.1484375 0.21875
