0 0.32890625 0.821875 0.0265625 0.06041666666666667
0 0.38828125 0.8197916666666667 0.0234375 0.06875
47 0.59609375 0.8208333333333333 0.0171875 0.0625
0 0.4109375 0.8177083333333334 0.021875 0.06458333333333334
44 0.571875 0.8177083333333334 0.0125 0.052083333333333336
47 0.58203125 0.81875 0.0078125 0.05416666666666667
0 0.3640625 0.825 0.03125 0.058333333333333334
58 0.46171875 0.8260416666666667 0.0390625 0.06041666666666667
50 0.49140625 0.8260416666666667 0.0171875 0.05625
5 0.3015625 0.8229166666666666 0.025 0.05416666666666667
49 0.51484375 0.821875 0.0296875 0.05625
37 0.55234375 0.8229166666666666 0.0328125 0.05416666666666667
55 0.3015625 0.759375 0.028125 0.052083333333333336
43 0.32734375 0.7635416666666667 0.0265625 0.05625
44 0.34609375 0.7614583333333333 0.0078125 0.052083333333333336
54 0.36015625 0.7645833333333333 0.0265625 0.05416666666666667
10 0.39765625 0.7604166666666666 0.0328125 0.05416666666666667
29 0.42421875 0.759375 0.0171875 0.052083333333333336
22 0.45 0.7604166666666666 0.0375 0.058333333333333334
44 0.48828125 0.7583333333333333 0.0171875 0.058333333333333334
54 0.50625 0.7625 0.015625 0.05
36 0.5421875 0.7666666666666667 0.025 0.05
57 0.565625 0.7625 0.021875 0.04583333333333333
36 0.58515625 0.7614583333333333 0.0234375 0.052083333333333336
44 0.6 0.7614583333333333 0.0125 0.05625
47 0.6125 0.7625 0.009375 0.058333333333333334
37 0.65234375 0.7635416666666667 0.0234375 0.04791666666666667
47 0.66875 0.7666666666666667 0.009375 0.058333333333333334
40 0.68359375 0.7625 0.0265625 0.05416666666666667
55 0.715625 0.7645833333333333 0.01875 0.05416666666666667
50 0.7359375 0.7645833333333333 0.025 0.05416666666666667
56 0.771875 0.7666666666666667 0.028125 0.05
54 0.7921875 0.7645833333333333 0.01875 0.058333333333333334
40 0.81484375 0.7645833333333333 0.0296875 0.05
36 0.62890625 0.76875 0.0234375 0.04583333333333333
