29 0.22421875 0.6270833333333333 0.0390625 0.10416666666666667
40 0.25625 0.6302083333333334 0.021875 0.06458333333333334
48 0.2875 0.6291666666666667 0.040625 0.07083333333333333
51 0.321875 0.6416666666666667 0.03125 0.09583333333333334
50 0.34921875 0.6302083333333334 0.0234375 0.06875
53 0.37109375 0.6354166666666666 0.0234375 0.075
36 0.39375 0.634375 0.021875 0.07291666666666667
53 0.41484375 0.634375 0.0203125 0.07708333333333334
60 0.43671875 0.646875 0.0265625 0.08958333333333333
12 0.47890625 0.6364583333333333 0.0328125 0.08541666666666667
50 0.509375 0.6427083333333333 0.025 0.07291666666666667
47 0.53046875 0.64375 0.0203125 0.09166666666666666
47 0.546875 0.6395833333333333 0.0125 0.075
40 0.5671875 0.646875 0.025 0.07291666666666667
38 0.590625 0.6458333333333334 0.025 0.075
55 0.6125 0.64375 0.015625 0.09166666666666666
44 0.62734375 0.6427083333333333 0.0203125 0.09791666666666667
50 0.65 0.65 0.025 0.075
49 0.6765625 0.65 0.028125 0.075
27 0.715625 0.6458333333333334 0.040625 0.09583333333333334
50 0.74609375 0.6520833333333333 0.0296875 0.07916666666666666
50 0.77421875 0.6520833333333333 0.0265625 0.07916666666666666
48 0.809375 0.646875 0.04375 0.07291666666666667
