12 0.0796875 0.25 0.15 0.275
53 0.20078125 0.24791666666666667 0.0890625 0.20416666666666666
40 0.30546875 0.3 0.1140625 0.22083333333333333
36 0.440625 0.3 0.146875 0.21666666666666667
55 0.58828125 0.28125 0.1359375 0.22916666666666666
44 0.690625 0.275 0.0625 0.2375
57 0.78515625 0.28020833333333334 0.1296875 0.24375
40 0.90625 0.29583333333333334 0.10625 0.225
29 0.09609375 0.6395833333333333 0.1453125 0.2875
43 0.2265625 0.6333333333333333 0.115625 0.275
44 0.3140625 0.6520833333333333 0.053125 0.24583333333333332
49 0.41015625 0.6802083333333333 0.1453125 0.18958333333333333
46 0.540625 0.6427083333333333 0.115625 0.25625
44 0.6296875 0.6604166666666667 0.05625 0.25833333333333336
49 0.72734375 0.678125 0.1390625 0.21875
42 0.86484375 0.7333333333333333 0.1265625 0.32083333333333336
