16 0.03359375 0.678125 0.0484375 0.08541666666666667
24 0.11328125 0.6802083333333333 0.0578125 0.08125
13 0.18671875 0.6802083333333333 0.0546875 0.07291666666666667
28 0.321875 0.6645833333333333 0.05 0.07916666666666666
14 0.44296875 0.675 0.0515625 0.08333333333333333
34 0.51171875 0.6666666666666666 0.0609375 0.07916666666666666
14 0.5828125 0.6666666666666666 0.0625 0.06666666666666667
31 0.70078125 0.6645833333333333 0.0671875 0.06666666666666667
44 0.7625 0.6333333333333333 0.04375 0.14166666666666666
14 0.828125 0.653125 0.046875 0.08125
32 0.8953125 0.6604166666666667 0.06875 0.07083333333333333
