19 0.4171875 0.38958333333333334 0.05625 0.075
18 0.45703125 0.38645833333333335 0.0265625 0.06458333333333334
23 0.4890625 0.39375 0.04375 0.07083333333333333
22 0.55234375 0.39166666666666666 0.0515625 0.07083333333333333
14 0.60390625 0.39375 0.0390625 0.07083333333333333
13 0.646875 0.39166666666666666 0.05 0.075
18 0.68828125 0.39166666666666666 0.0265625 0.07916666666666666
29 0.71875 0.390625 0.03125 0.08125
14 0.75703125 0.3875 0.0453125 0.08333333333333333
12 0.79921875 0.3885416666666667 0.0453125 0.08125
17 0.84765625 0.3875 0.0484375 0.07916666666666666
