18 0.03828125 0.44583333333333336 0.0234375 0.0875
28 0.06171875 0.446875 0.0265625 0.08125
30 0.0890625 0.4479166666666667 0.034375 0.09166666666666666
13 0.16640625 0.44375 0.0421875 0.06666666666666667
10 0.20390625 0.44895833333333335 0.0359375 0.07708333333333334
14 0.2328125 0.4479166666666667 0.028125 0.09166666666666666
32 0.26953125 0.4510416666666667 0.0515625 0.09375
24 0.3140625 0.45 0.05 0.1
24 0.359375 0.453125 0.053125 0.08958333333333333
10 0.41171875 0.45208333333333334 0.0546875 0.08333333333333333
51 0.4546875 0.4510416666666667 0.0375 0.08958333333333333
36 0.49296875 0.45208333333333334 0.0390625 0.07916666666666666
53 0.5203125 0.45625 0.015625 0.08333333333333333
55 0.5375 0.4479166666666667 0.01875 0.075
48 0.57265625 0.4510416666666667 0.0515625 0.08125
40 0.615625 0.453125 0.034375 0.08541666666666667
49 0.6484375 0.446875 0.03125 0.10208333333333333
55 0.68046875 0.45208333333333334 0.0265625 0.08333333333333333
18 0.703125 0.45208333333333334 0.015625 0.07916666666666666
49 0.72734375 0.45416666666666666 0.0296875 0.075
41 0.7484375 0.4479166666666667 0.015625 0.07916666666666666
50 0.77578125 0.46145833333333336 0.0390625 0.06041666666666667
53 0.803125 0.4552083333333333 0.01875 0.06041666666666667
48 0.83671875 0.4552083333333333 0.0484375 0.07291666666666667
36 0.8765625 0.45625 0.03125 0.08333333333333333
55 0.89765625 0.45208333333333334 0.0203125 0.07916666666666666
44 0.9140625 0.44479166666666664 0.0125 0.08125
50 0.93828125 0.45729166666666665 0.0359375 0.06041666666666667
49 0.9703125 0.45416666666666666 0.03125 0.06666666666666667
