11 0.796875 0.375 0.228125 0.4041666666666667
1 0.9546875 0.3729166666666667 0.08125 0.4083333333333333
15 0.33359375 0.7895833333333333 0.0546875 0.125
30 0.38984375 0.784375 0.0578125 0.12291666666666666
23 0.45390625 0.7854166666666667 0.0734375 0.12083333333333333
23 0.5234375 0.7802083333333333 0.06875 0.11458333333333333
34 0.59296875 0.784375 0.0703125 0.11875
11 0.66015625 0.7854166666666667 0.0640625 0.12083333333333333
24 0.7328125 0.7760416666666666 0.078125 0.11875
33 0.8078125 0.7760416666666666 0.071875 0.11875
