27 0.85390625 0.2635416666666667 0.1703125 0.26875
10 0.178125 0.24270833333333333 0.16875 0.27708333333333335
15 0.34296875 0.24166666666666667 0.1640625 0.2625
29 0.51640625 0.25625 0.1734375 0.2625
14 0.68359375 0.26145833333333335 0.1734375 0.26458333333333334
31 0.1015625 0.5302083333333333 0.175 0.26875
18 0.24296875 0.5416666666666666 0.1109375 0.275
27 0.37890625 0.5322916666666667 0.1703125 0.27708333333333335
29 0.540625 0.5364583333333334 0.159375 0.28125
30 0.7109375 0.5364583333333334 0.196875 0.29375
14 0.88515625 0.5416666666666666 0.1703125 0.30833333333333335
