20 0.37421875 0.13020833333333334 0.0578125 0.09375
10 0.42109375 0.13229166666666667 0.0359375 0.08125
18 0.44921875 0.13020833333333334 0.0140625 0.07708333333333334
28 0.47265625 0.12708333333333333 0.0359375 0.07916666666666666
29 0.509375 0.128125 0.034375 0.08125
14 0.2109375 0.834375 0.05625 0.10208333333333333
33 0.265625 0.8302083333333333 0.046875 0.08958333333333333
29 0.3109375 0.8322916666666667 0.0375 0.09375
18 0.34140625 0.834375 0.0234375 0.09375
23 0.38125 0.83125 0.05 0.09583333333333334
16 0.434375 0.828125 0.05625 0.08958333333333333
30 0.4890625 0.825 0.05 0.09166666666666666
18 0.52734375 0.8260416666666667 0.0234375 0.09375
28 0.5625 0.8333333333333334 0.046875 0.08333333333333333
17 0.61328125 0.8291666666666667 0.0484375 0.07916666666666666
14 0.6609375 0.8291666666666667 0.046875 0.07916666666666666
27 0.71171875 0.834375 0.0578125 0.08125
15 0.39453125 0.7364583333333333 0.0578125 0.09791666666666667
18 0.43671875 0.7416666666666667 0.0234375 0.1
27 0.475 0.7333333333333333 0.046875 0.09166666666666666
14 0.52734375 0.740625 0.0546875 0.10208333333333333
