12 0.13046875 0.2760416666666667 0.1015625 0.21041666666666667
43 0.23359375 0.27291666666666664 0.1015625 0.2
44 0.315625 0.27291666666666664 0.059375 0.20416666666666666
47 0.37265625 0.271875 0.0578125 0.23125
39 0.453125 0.2677083333333333 0.10625 0.22291666666666668
56 0.5578125 0.2677083333333333 0.109375 0.22708333333333333
24 0.5515625 0.6947916666666667 0.09375 0.13125
15 0.61875 0.6895833333333333 0.040625 0.12083333333333333
15 0.65390625 0.6885416666666667 0.0328125 0.12291666666666666
44 0.68046875 0.6791666666666667 0.0203125 0.19166666666666668
12 0.71328125 0.696875 0.0421875 0.11875
14 0.75390625 0.6979166666666666 0.0390625 0.12916666666666668
