38 0.28671875 0.5927083333333333 0.0734375 0.10208333333333333
36 0.359375 0.5958333333333333 0.06875 0.1125
54 0.42578125 0.5958333333333333 0.0578125 0.10833333333333334
40 0.4921875 0.596875 0.071875 0.10625
41 0.27265625 0.734375 0.0453125 0.14375
44 0.3078125 0.7375 0.028125 0.14583333333333334
53 0.34140625 0.7447916666666666 0.0359375 0.12291666666666666
40 0.396875 0.7552083333333334 0.071875 0.11458333333333333
44 0.5984375 0.42604166666666665 0.04375 0.13958333333333334
49 0.659375 0.44375 0.06875 0.1125
41 0.66484375 0.5916666666666667 0.0421875 0.16666666666666666
50 0.60390625 0.60625 0.0796875 0.12083333333333333
47 0.33984375 0.425 0.0265625 0.15833333333333333
42 0.28671875 0.4510416666666667 0.0796875 0.13125
36 0.3859375 0.4427083333333333 0.0625 0.10625
54 0.45 0.4479166666666667 0.071875 0.10416666666666667
54 0.521875 0.4427083333333333 0.065625 0.11041666666666666
11 0.29609375 0.2604166666666667 0.0796875 0.13333333333333333
53 0.35859375 0.27291666666666664 0.0390625 0.12083333333333333
40 0.41171875 0.2833333333333333 0.0671875 0.10416666666666667
36 0.4796875 0.2760416666666667 0.065625 0.12291666666666666
46 0.55390625 0.2635416666666667 0.0765625 0.15208333333333332
