25 0.16796875 0.40208333333333335 0.0828125 0.16666666666666666
27 0.24296875 0.3885416666666667 0.0703125 0.15625
24 0.321875 0.39375 0.09375 0.13333333333333333
15 0.3921875 0.4010416666666667 0.053125 0.13541666666666666
14 0.44921875 0.40208333333333335 0.0609375 0.14166666666666666
28 0.50390625 0.4010416666666667 0.0484375 0.13958333333333334
28 0.5578125 0.39895833333333336 0.053125 0.13125
18 0.5984375 0.40208333333333335 0.028125 0.13333333333333333
24 0.659375 0.403125 0.1 0.13541666666666666
23 0.7515625 0.4010416666666667 0.090625 0.13541666666666666
10 0.840625 0.396875 0.090625 0.13541666666666666
21 0.921875 0.40520833333333334 0.0625 0.13541666666666666
12 0.37890625 0.653125 0.0890625 0.14375
27 0.4546875 0.6489583333333333 0.065625 0.13125
14 0.51640625 0.653125 0.0546875 0.13125
10 0.584375 0.653125 0.08125 0.13125
29 0.6515625 0.6458333333333334 0.059375 0.12916666666666668
18 0.696875 0.6489583333333333 0.0375 0.13541666666666666
31 0.7515625 0.646875 0.078125 0.13125
18 0.80859375 0.6458333333333334 0.0328125 0.125
29 0.85390625 0.6489583333333333 0.0609375 0.11041666666666666
34 0.9171875 0.65625 0.0625 0.12916666666666668
