13 0.06875 0.725 0.090625 0.12916666666666668
27 0.1375 0.7364583333333333 0.0625 0.15208333333333332
14 0.1890625 0.7239583333333334 0.04375 0.12291666666666666
10 0.234375 0.7239583333333334 0.059375 0.12708333333333333
22 0.3 0.7395833333333334 0.065625 0.12083333333333333
28 0.36484375 0.7375 0.0734375 0.125
12 0.446875 0.75 0.071875 0.11666666666666667
24 0.51015625 0.746875 0.0703125 0.11875
22 0.57734375 0.74375 0.0765625 0.11666666666666667
14 0.640625 0.7510416666666667 0.053125 0.13541666666666666
29 0.71796875 0.74375 0.0734375 0.12083333333333333
27 0.78203125 0.7552083333333334 0.0703125 0.14375
30 0.83984375 0.7375 0.0578125 0.13333333333333333
14 0.88984375 0.7479166666666667 0.0515625 0.11666666666666667
