12 0.1515625 0.746875 0.040625 0.08125
23 0.19140625 0.7510416666666667 0.0390625 0.08125
30 0.22890625 0.75 0.0390625 0.08333333333333333
21 0.26875 0.7479166666666667 0.040625 0.075
36 0.30078125 0.7520833333333333 0.0265625 0.07083333333333333
49 0.33046875 0.7520833333333333 0.0328125 0.0625
42 0.3625 0.765625 0.0375 0.08125
56 0.396875 0.753125 0.03125 0.05625
36 0.42578125 0.7520833333333333 0.0265625 0.058333333333333334
42 0.4546875 0.765625 0.03125 0.07291666666666667
40 0.4859375 0.7552083333333334 0.034375 0.05625
14 0.52109375 0.74375 0.0359375 0.075
39 0.5546875 0.7364583333333333 0.034375 0.07708333333333334
56 0.58671875 0.74375 0.0265625 0.07083333333333333
38 0.6125 0.7458333333333333 0.028125 0.075
36 0.6390625 0.746875 0.028125 0.07291666666666667
55 0.6609375 0.7447916666666666 0.021875 0.07291666666666667
44 0.678125 0.740625 0.015625 0.07291666666666667
50 0.70078125 0.7458333333333333 0.0296875 0.0625
49 0.7296875 0.7427083333333333 0.03125 0.06875
12 0.7640625 0.7364583333333333 0.040625 0.08125
40 0.79765625 0.74375 0.0265625 0.058333333333333334
49 0.825 0.7447916666666666 0.028125 0.06458333333333334
55 0.84609375 0.7395833333333334 0.0234375 0.07083333333333333
40 0.8703125 0.7395833333333334 0.025 0.058333333333333334
53 0.896875 0.7375 0.034375 0.0625
