30 0.17578125 0.4395833333333333 0.0828125 0.1125
49 0.24609375 0.4552083333333333 0.0671875 0.10208333333333333
39 0.3125 0.4427083333333333 0.05 0.13541666666666666
40 0.36875 0.4666666666666667 0.06875 0.12083333333333333
53 0.41875 0.45625 0.03125 0.1
42 0.46484375 0.46979166666666666 0.0546875 0.11041666666666666
53 0.51953125 0.446875 0.0421875 0.09375
36 0.5671875 0.459375 0.05 0.08541666666666667
39 0.62265625 0.45 0.0578125 0.11666666666666667
56 0.678125 0.4635416666666667 0.065625 0.08958333333333333
36 0.73828125 0.46458333333333335 0.0546875 0.09166666666666666
55 0.78359375 0.45416666666666666 0.0296875 0.11666666666666667
40 0.8359375 0.46875 0.06875 0.10833333333333334
