12 0.1953125 0.5447916666666667 0.05 0.09791666666666667
50 0.2328125 0.5552083333333333 0.028125 0.06875
48 0.26640625 0.5541666666666667 0.0453125 0.06666666666666667
51 0.3046875 0.5666666666666667 0.03125 0.07916666666666666
36 0.33203125 0.5625 0.0296875 0.08333333333333333
38 0.3625 0.5604166666666667 0.028125 0.07916666666666666
55 0.38828125 0.5541666666666667 0.0203125 0.0875
40 0.41171875 0.5625 0.0265625 0.06666666666666667
39 0.44140625 0.5479166666666667 0.0359375 0.08333333333333333
28 0.48203125 0.5489583333333333 0.0421875 0.08541666666666667
55 0.51328125 0.5489583333333333 0.0234375 0.08958333333333333
50 0.53828125 0.5541666666666667 0.0265625 0.06666666666666667
53 0.5640625 0.5583333333333333 0.025 0.075
36 0.58828125 0.5541666666666667 0.0234375 0.06666666666666667
42 0.6140625 0.5635416666666667 0.03125 0.09375
40 0.64453125 0.559375 0.0296875 0.07708333333333334
21 0.67734375 0.55625 0.0421875 0.07916666666666666
44 0.70625 0.5489583333333333 0.015625 0.09375
37 0.728125 0.5458333333333333 0.028125 0.09583333333333334
53 0.75390625 0.546875 0.0234375 0.06875
36 0.775 0.5520833333333334 0.021875 0.06666666666666667
53 0.79453125 0.5510416666666667 0.0203125 0.06458333333333334
60 0.82265625 0.5614583333333333 0.0359375 0.08541666666666667
